target	targ_and_kp	targ_tot	kp_tot	db_tot	fet_p_value	targ_and_kp_ratio	prediction_score
DRUG_9:Levcromakalim	1	289	90432	31847923	0.5603537116316744	0.0034602076124567475	-2.2093600956850263
DRUG_28:Losmapimod	2	33	90432	31847923	0.004015069197368067	0.06060606060606061	1.1788230212956412
DRUG_75:Bindarit	1	52	90432	31847923	0.1374514481972148	0.019230769230769232	-0.8541526635927206
DRUG_103:fMet-Leu-Phe	1	408	90432	31847923	0.6865668566276076	0.0024509803921568627	-2.447342997526008
DRUG_107:15-deoxy-Delta(12, 14)-prostaglandin J(2)	1	18	90432	31847923	0.04989579948900513	0.05555555555555555	0.04666350910361072
DRUG_120:PGH2	13	624	90432	31847923	4.817650708083965e-08	0.020833333333333332	5.635923453273987
DRUG_125:13-acetate	158	19803	90432	31847923	7.200406605142176e-29	0.007978589102661212	26.04456907785974
DRUG_133:Aleglitazar	5	43	90432	31847923	1.6238907396561318e-07	0.11627906976744186	5.854944743531527
DRUG_146:LXA4	4	318	90432	31847923	0.013456805452363038	0.012578616352201259	-0.029309102431934075
DRUG_150:ORBOFIBAN	1	41	90432	31847923	0.11004549956501282	0.024390243902439025	-0.6543561430089515
DRUG_153:SR12813	1	24	90432	31847923	0.06596823090341816	0.041666666666666664	-0.19954607929841983
DRUG_155:RXP470.1	1	3	90432	31847923	0.008494318267297268	0.3333333333333333	1.5937502160636945
DRUG_172:15-hydroxyeicosatetraenoic acid	7	355	90432	31847923	8.369069908593112e-05	0.01971830985915493	2.372192491332725
DRUG_175:ginsenoside Rg3	3	422	90432	31847923	0.11988879683477136	0.0071090047393364926	-1.2269697980217456
DRUG_177:Nicotinamide	198	16284	90432	31847923	1.1071504682223108e-61	0.012159174649963155	59.04069744850481
DRUG_186:AMENTOFLAVONE	1	213	90432	31847923	0.454293841334416	0.004694835680751174	-1.985716452750373
DRUG_194:Prasterone	3	83	90432	31847923	0.0017753709179369158	0.03614457831325301	1.3087540608485209
DRUG_202:Formic Acid	4	6782	90432	31847923	0.99999410281216	0.0005897965202005308	-3.2292952329904154
DRUG_207:Calphostin C	30	1966	90432	31847923	3.7731008985320473e-13	0.015259409969481181	10.606839322163607
DRUG_219:Liraglutide	36	2447	90432	31847923	5.4170368016137546e-15	0.014711892112791173	12.433906745360602
DRUG_237:Tirofiban	10	1070	90432	31847923	0.0011850269731317634	0.009345794392523364	0.8968879866108908
DRUG_250:Abciximab	15	1689	90432	31847923	0.00014171549079580335	0.008880994671403197	1.7970442842941488
DRUG_272:flavone	17	2787	90432	31847923	0.003296108321218027	0.006099748833871547	0.2673104770263439
DRUG_312:Mitiglinide	1	100	90432	31847923	0.24749963932050306	0.01	-1.3935745703757314
DRUG_321:PYRIPYROPENE A	7	39	90432	31847923	2.1135929488701543e-11	0.1794871794871795	9.92901208155904
DRUG_336:aspirin triggered lipoxin A4	2	27	90432	31847923	0.002699424234864066	0.07407407407407407	1.4383950889335981
DRUG_343:VESNARINONE	2	146	90432	31847923	0.06527076675059662	0.0136986301369863	-0.6780415746028154
DRUG_372:KN-62	1	498	90432	31847923	0.7573391958661893	0.002008032128514056	-2.57651977694851
DRUG_395:Pioglitazone	181	4817	90432	31847923	6.48060775926092e-134	0.03757525430766037	131.76328619211063
DRUG_415:METHYLTHIOADENOSINE	4	875	90432	31847923	0.23897002997058095	0.004571428571428572	-1.718291499736448
DRUG_436:24(S), 25-epoxycholesterol	3	43	90432	31847923	0.00025949497736438	0.06976744186046512	2.429523842828602
DRUG_437:Desmopressin	5	2485	90432	31847923	0.8324661593501907	0.002012072434607646	-2.6167229767300766
DRUG_443:Gliquidone	1	102	90432	31847923	0.25176700994553636	0.00980392156862745	-1.4095989938909539
DRUG_453:C-202	1	17	90432	31847923	0.04719030020844296	0.058823529411764705	0.09569833843801634
DRUG_473:PURPUROGALLIN	1	59	90432	31847923	0.15445054829508023	0.01694915254237288	-0.9596414660154837
DRUG_498:E-5324	1	1	90432	31847923	0.002839494431046653	1.0	2.5467589787389584
DRUG_516:2-NAP	1	112	90432	31847923	0.2727436490199329	0.008928571428571428	-1.4849726692716771
DRUG_519:Benzothiopyranoindole	1	3	90432	31847923	0.008494318267297268	0.3333333333333333	1.5937502160636945
DRUG_522:Implitapide	1	3	90432	31847923	0.008494318267297268	0.3333333333333333	1.5937502160636945
DRUG_527:K-604	3	6	90432	31847923	4.549478051138698e-07	0.5	6.041008430209226
DRUG_532:SPERMINE	7	5785	90432	31847923	0.9970064408330057	0.0012100259291270526	-2.9159032872112434
DRUG_553:Hydroxyflutamide	4	361	90432	31847923	0.020381758337766884	0.0110803324099723	-0.26468885852332447
DRUG_609:Caffeine	26	21122	90432	31847923	0.9999996655333739	0.0012309440393902093	-2.909761545058166
DRUG_617:Flavanone	5	1201	90432	31847923	0.2575631144489848	0.004163197335553705	-1.791456671000526
DRUG_622:RAXOFELAST	1	12	90432	31847923	0.03354680344959853	0.08333333333333333	0.3951676097853285
DRUG_624:Mycophenolate mofetil	35	7952	90432	31847923	0.009078141852642507	0.0044014084507042256	-0.31440529166949105
DRUG_654:cicaprost	2	172	90432	31847923	0.08648573538817986	0.011627906976744186	-0.871442933817461
DRUG_662:Vitamin A	80	18400	90432	31847923	0.00021044267833782965	0.004347826086956522	1.3151383434863577
DRUG_680:R-65	6	237	90432	31847923	6.916075585479899e-05	0.02531645569620253	2.5635431733608027
DRUG_687:Cilostamide	1	237	90432	31847923	0.49029338759443114	0.004219409282700422	-2.065204382126738
DRUG_698:Ciprofibrate	16	390	90432	31847923	6.583488626566052e-14	0.041025641025641026	11.79459928600201
DRUG_703:FV-100	1	13	90432	31847923	0.036291042953071055	0.07692307692307693	0.32625719830619104
DRUG_711:MYRIOCIN	12	277	90432	31847923	4.588672562268429e-11	0.04332129963898917	8.975014408496094
DRUG_713:Darapladib	35	96	90432	31847923	1.1588224485530964e-63	0.3645833333333333	62.49777991160302
DRUG_718:desmosterol	14	357	90432	31847923	4.318614112018465e-12	0.0392156862745098	9.958115419989076
DRUG_724:Atorvastatin	705	7628	90432	31847923	0.0	0.09242265338227583	321.9709637800692
DRUG_731:Exenatide	14	1725	90432	31847923	0.0005609073892950745	0.008115942028985508	1.1604477749027913
DRUG_772:L-NG-nitroarginine methyl ester	2	172	90432	31847923	0.08648573538817986	0.011627906976744186	-0.871442933817461
DRUG_792:HL-004	1	11	90432	31847923	0.030794749587977368	0.09090909090909091	0.47013063793041665
DRUG_795:Nitrous oxide	9	10534	90432	31847923	0.9999977660773485	0.0008543763052971331	-3.068349834400773
DRUG_796:Eptifibatide	11	764	90432	31847923	1.6635165016734268e-05	0.014397905759162303	2.9372722132621747
DRUG_798:Phenformin	3	848	90432	31847923	0.4325043279373638	0.003537735849056604	-2.0872650552105108
DRUG_801:RS-102895	1	13	90432	31847923	0.036291042953071055	0.07692307692307693	0.32625719830619104
DRUG_820:PGD2	10	1496	90432	31847923	0.011832431033298695	0.0066844919786096255	-0.24800557533992174
DRUG_825:Abietic acid	1	157	90432	31847923	0.3600951577275305	0.006369426751592357	-1.752316933773985
DRUG_832:3-acetyl-11-keto-beta-boswellic acid	1	16	90432	31847923	0.044477096883228394	0.0625	0.1477435851896145
DRUG_838:Ciglitazone	26	483	90432	31847923	1.3164565178238078e-24	0.053830227743271224	22.611619698160847
DRUG_841:humanin	10	299	90432	31847923	2.18649627650618e-08	0.033444816053511704	6.1845800695758495
DRUG_866:S-111	1	12	90432	31847923	0.03354680344959853	0.08333333333333333	0.3951676097853285
DRUG_872:Nitroarginine	8	928	90432	31847923	0.005682701709750812	0.008620689655172414	0.18098715064761173
DRUG_873:CDDO	1	287	90432	31847923	0.557846322434532	0.003484320557491289	-2.2043964711000594
DRUG_883:Rosuvastatin	284	3101	90432	31847923	6.6392714e-317	0.09158336020638504	315.1396961490297
DRUG_895:Prostacyclin analog	6	317	90432	31847923	0.00033215284928458266	0.01892744479495268	1.755754005893023
DRUG_896:Cycloleucine	1	169	90432	31847923	0.38156203853434	0.005917159763313609	-1.8094518649980644
DRUG_897:Carbenoxolone	3	1107	90432	31847923	0.6084924045253697	0.0027100271002710027	-2.3512815277008103
DRUG_898:DALTROBAN	3	53	90432	31847923	0.00048225603373025863	0.05660377358490566	2.0695677151080547
DRUG_914:Glycine	64	38118	90432	31847923	0.9999984046405049	0.001678996799412351	-2.7749494388786404
DRUG_916:D-Serine	1	1580	90432	31847923	0.9888116253844942	0.0006329113924050633	-3.193770650696995
DRUG_917:PD-169316	1	24	90432	31847923	0.06596823090341816	0.041666666666666664	-0.19954607929841983
DRUG_929:Nandrolone	3	836	90432	31847923	0.42357651152202236	0.0035885167464114833	-2.0720168920037083
DRUG_936:D-lactic acid	1	426	90432	31847923	0.7022059191241024	0.002347417840375587	-2.4758740850581704
DRUG_954:Mepacrine	1	796	90432	31847923	0.8960121049137673	0.001256281407035176	-2.8532269446562024
DRUG_957:TANNIN	5	2390	90432	31847923	0.8070206106033597	0.0020920502092050207	-2.5863125229785577
DRUG_978:Ramatroban	1	54	90432	31847923	0.14234290202848987	0.018518518518518517	-0.8857295756212505
DRUG_1001:Dalcetrapib	32	141	90432	31847923	1.173574438649855e-50	0.22695035460992907	49.28642022399274
DRUG_1009:Dronedarone	1	523	90432	31847923	0.7739909484426385	0.0019120458891013384	-2.607237570655592
DRUG_1022:AL-8810	1	44	90432	31847923	0.11760507309009915	0.022727272727272728	-0.7138787326439594
DRUG_1025:Enoximone	1	425	90432	31847923	0.7013579266571832	0.002352941176470588	-2.474328639744255
DRUG_1027:CGS 21680	2	662	90432	31847923	0.560828829844388	0.0030211480362537764	-2.2686583245554868
DRUG_1034:PD-132301-2	1	6	90432	31847923	0.01691648388285993	0.16666666666666666	0.9935386503080594
DRUG_1060:Levamisole	4	3509	90432	31847923	0.9894659373069066	0.001139925904816187	-2.938524224955602
DRUG_1065:Bevacizumab	9	14174	90432	31847923	0.9999999011168418	0.0006349654296599407	-3.1972498760417607
DRUG_1090:Taurocholic Acid	3	629	90432	31847923	0.2655619870449815	0.0047694753577106515	-1.74569530028417
DRUG_1110:GW0742X	1	1	90432	31847923	0.002839494431046653	1.0	2.5467589787389584
DRUG_1111:GLUTAMATE	74	78287	90432	31847923	0.9999999318516706	0.0009452399504387702	-3.0244579016577298
DRUG_1112:L-NIO	1	249	90432	31847923	0.5073925315225123	0.004016064257028112	-2.1015434175052317
DRUG_1133:Curcumin	125	13503	90432	31847923	1.124450341671265e-28	0.009257202103236318	25.91553946460392
DRUG_1140:methylglyoxal	81	3212	90432	31847923	5.338136379041302e-48	0.025217932752179328	45.67431981729626
DRUG_1154:Cilostazol	101	1615	90432	31847923	3.7003446480902645e-97	0.06253869969040247	95.22790667121255
DRUG_1157:LY333531	1	103	90432	31847923	0.25389158501710074	0.009708737864077669	-1.417485531560771
DRUG_1182:OP-2507	1	24	90432	31847923	0.06596823090341816	0.041666666666666664	-0.19954607929841983
DRUG_1184:Albiglutide	1	179	90432	31847923	0.39889989717228286	0.00558659217877095	-1.8537169553380761
DRUG_1191:FGF-21	15	293	90432	31847923	1.6034883566187333e-14	0.051194539249146756	12.504157827960402
DRUG_1196:tyramine	16	3678	90432	31847923	0.06561039710892293	0.004350190320826536	-1.1784644085919416
DRUG_1198:SB-431542	1	178	90432	31847923	0.397188253934587	0.0056179775280898875	-1.8494163989126455
DRUG_1226:GSK2033	1	7	90432	31847923	0.019707944578024852	0.14285714285714285	0.8602606276885254
DRUG_1257:phorbol 12-myristate 13-acetate	122	10081	90432	31847923	1.5959798350897397e-38	0.01210197401051483	35.87982881611335
DRUG_1263:MURAGLITAZAR	1	57	90432	31847923	0.14962814197665952	0.017543859649122806	-0.9308881387447608
DRUG_1279:Testosterone	352	59389	90432	31847923	3.475445085411036e-35	0.0059270235228746065	32.23182622012108
DRUG_1287:Memantine	1	2913	90432	31847923	0.9997472869176355	0.00034328870580157915	-3.4642307188602848
DRUG_1295:Fucose	5	4804	90432	31847923	0.9976747828960758	0.0010407993338884263	-2.9816219895785014
DRUG_1305:CI-930	1	43	90432	31847923	0.11509236594035657	0.023255813953488372	-0.6945149734758318
DRUG_1315:bisphenol A	16	8791	90432	31847923	0.9774839042267314	0.0018200432260266181	-2.7300279121998345
DRUG_1329:Aminoguanidine	50	2916	90432	31847923	5.846175213631038e-23	0.017146776406035666	20.467310657388676
DRUG_1341:Flufenamic Acid	1	725	90432	31847923	0.8727478541263608	0.001379310344827586	-2.8012267962345505
DRUG_1353:GW7845	4	29	90432	31847923	1.4586630667461994e-06	0.13793103448275862	4.975707006642894
DRUG_1388:BM-573	4	17	90432	31847923	1.502036809168032e-07	0.23529411764705882	6.194930494257118
DRUG_1394:PD-146176	1	3	90432	31847923	0.008494318267297268	0.3333333333333333	1.5937502160636945
DRUG_1411:BMS-582949	1	7	90432	31847923	0.019707944578024852	0.14285714285714285	0.8602606276885254
DRUG_1414:CETi-1	2	5	90432	31847923	8.016950518851163e-05	0.4	3.6980507882165687
DRUG_1425:L-lactic acid	2	3342	90432	31847923	0.9992155086387069	0.0005984440454817474	-3.222635615915939
DRUG_1431:T0901317	66	410	90432	31847923	6.159946347526006e-92	0.16097560975609757	90.41718314929973
DRUG_1438:FARGLITAZAR	1	11	90432	31847923	0.030794749587977368	0.09090909090909091	0.47013063793041665
DRUG_1465:PHENIDONE	2	213	90432	31847923	0.1233019915262365	0.009389671361502348	-1.118319698984196
DRUG_1467:ALLOXAZINE	1	112	90432	31847923	0.2727436490199329	0.008928571428571428	-1.4849726692716771
DRUG_1474:Gemfibrozil	106	1514	90432	31847923	4.9653936377456044e-107	0.07001321003963012	105.14922630667027
DRUG_1477:URSOLIC ACID	17	1417	90432	31847923	1.156525841649163e-06	0.011997177134791814	4.015923729951325
DRUG_1485:MMP-12 inhibitors	4	21	90432	31847923	3.7430251902204916e-07	0.19047619047619047	5.706617946707261
DRUG_1501:Evacetrapib	10	77	90432	31847923	3.1423327485235475e-14	0.12987012987012986	12.616257103290947
DRUG_1522:Aflibercept	1	1892	90432	31847923	0.9953927494844457	0.0005285412262156448	-3.2749156050516723
DRUG_1536:Flavin-Adenine Dinucleotide	3	1749	90432	31847923	0.8728478546712559	0.0017152658662092624	-2.7066071035789023
DRUG_1540:ISONICOTINIC ACID	3	2239	90432	31847923	0.9524346532045598	0.0013398838767306833	-2.851768027169
DRUG_1581:Dimethylformamide	1	2978	90432	31847923	0.9997899683393283	0.000335795836131632	-3.47383346824448
DRUG_1582:Ro31-8220	5	147	90432	31847923	7.052386035383974e-05	0.034013605442176874	2.6833165927829525
DRUG_1590:SM-16	1	22	90432	31847923	0.06064119273651566	0.045454545454545456	-0.12519041556020216
DRUG_1601:Revacept	1	11	90432	31847923	0.030794749587977368	0.09090909090909091	0.47013063793041665
DRUG_1608:INT-777	1	38	90432	31847923	0.10242116812646507	0.02631578947368421	-0.5901733213273037
DRUG_1616:ACACETIN	2	224	90432	31847923	0.13373268394592558	0.008928571428571428	-1.175455583430112
DRUG_1622:Isotretinoin	4	2563	90432	31847923	0.931884632708488	0.0015606710885680843	-2.7760507648933466
DRUG_1626:MANGOSTIN	3	387	90432	31847923	0.09909990980049466	0.007751937984496124	-1.106662969495268
DRUG_1660:PPAR delta agonists	2	9	90432	31847923	0.0002864334312934443	0.2222222222222222	2.889763780623289
DRUG_1685:GALANGIN	5	372	90432	31847923	0.0045223283757602805	0.013440860215053764	0.47306497026546057
DRUG_1693:Cyproterone	7	2097	90432	31847923	0.38636560999165126	0.0033381020505484026	-2.0634988538065233
DRUG_1702:K-877	3	24	90432	31847923	4.431026770043108e-05	0.125	3.450405639178908
DRUG_1706:Coenzyme A	493	13799	90432	31847923	0.0	0.035727226610623955	321.55818465208273
DRUG_1715:GLP-1	86	7921	90432	31847923	1.3526665746648063e-24	0.0108572149981063	21.904527679514697
DRUG_1716:TESAGLITAZAR	5	60	90432	31847923	8.850955152665637e-07	0.08333333333333333	4.973828613746222
DRUG_1745:Muscimol	1	4323	90432	31847923	0.9999952999418675	0.0002313208420078649	-3.635783194319543
DRUG_1747:cinnamic acid	2	1546	90432	31847923	0.9334187725117694	0.00129366106080207	-2.858256024896742
DRUG_1771:NM-3	1	791	90432	31847923	0.8945230488584068	0.0012642225031605564	-2.8497680188572527
DRUG_1779:Rivoglitazone	1	13	90432	31847923	0.036291042953071055	0.07692307692307693	0.32625719830619104
DRUG_1788:L-165041	3	41	90432	31847923	0.00022510092750427447	0.07317073170731707	2.5119601135317993
DRUG_1790:apamin	7	2175	90432	31847923	0.4219679010999141	0.003218390804597701	-2.1176406369172485
DRUG_1805:SB 203580	21	823	90432	31847923	9.495023537384987e-14	0.02551640340218712	11.42932341386686
DRUG_1815:24(S)-hydroxycholesterol	1	71	90432	31847923	0.18281608209547576	0.014084507042253521	-1.1132727461240581
DRUG_1825:MCP-1	1092	13843	90432	31847923	0.0	0.07888463483348986	321.90217776692396
DRUG_1826:1-METHYLXANTHINE	3	1986	90432	31847923	0.9201566621647674	0.0015105740181268882	-2.7847197643085777
DRUG_1832:TOCOTRIENOL	11	933	90432	31847923	9.85219248818197e-05	0.011789924973204717	2.077978153090516
DRUG_1849:DIZOCILPINE	1	1492	90432	31847923	0.9856304749124989	0.0006702412868632708	-3.167482946205502
DRUG_1853:22R-hydroxycholesterol	1	109	90432	31847923	0.2665131795261002	0.009174311926605505	-1.463145188428661
DRUG_1855:Oxytocin	9	17716	90432	31847923	0.9999999137278939	0.0005080153533529013	-3.2941231247058953
DRUG_1878:Bile acid	277	12265	90432	31847923	9.303729561274433e-148	0.02258459029759478	145.38515513859284
DRUG_1881:I-BOP	2	75	90432	31847923	0.019506875293582915	0.02666666666666667	0.13578102471464515
DRUG_1887:Anifrolumab	1	48	90432	31847923	0.12758470911943404	0.020833333333333332	-0.7870398651856509
DRUG_1900:SR9238	1	6	90432	31847923	0.01691648388285993	0.16666666666666666	0.9935386503080594
DRUG_1902:Fenretinide	1	492	90432	31847923	0.7531636147710421	0.0020325203252032522	-2.56885443391304
DRUG_1915:ALLOPREGNANOLONE	1	1239	90432	31847923	0.9704952813905858	0.0008071025020177562	-3.0800647345383503
DRUG_1925:FIG 1	14	1768	90432	31847923	0.0007094883734473742	0.007918552036199095	1.047700492035064
DRUG_1926:Phorbol 12-myristate	122	10222	90432	31847923	5.905710211534019e-38	0.011935042066131872	35.305551821385734
DRUG_1927:Minoxidil	2	1474	90432	31847923	0.9213920050517964	0.0013568521031207597	-2.831911927404807
DRUG_1928:Charybdotoxin	6	1648	90432	31847923	0.327917375289025	0.0036407766990291263	-1.9545703861269117
DRUG_1935:Troglitazone	87	1940	90432	31847923	1.0456519950925498e-71	0.04484536082474227	69.6323303522663
DRUG_1942:acetyl-podocarpic dimer	1	1	90432	31847923	0.002839494431046653	1.0	2.5467589787389584
DRUG_2011:Corosolic acid	2	117	90432	31847923	0.044132415682746215	0.017094017094017096	-0.41191356622308084
DRUG_2020:Romosozumab	1	145	90432	31847923	0.33788313769424116	0.006896551724137931	-1.6901345207660854
DRUG_2024:Pinacidil	3	1021	90432	31847923	0.5541332835318683	0.002938295788442703	-2.2755187238294634
DRUG_2026:DARGLITAZONE	2	16	90432	31847923	0.0009422279667930356	0.125	2.1227540223781443
DRUG_2048:isobutyric acid	2	458	90432	31847923	0.3735019031046298	0.004366812227074236	-1.9321283013580621
DRUG_2054:ICA-1	1	31	90432	31847923	0.08437608251771142	0.03225806451612903	-0.417581051566128
DRUG_2067:SB-435495	1	6	90432	31847923	0.01691648388285993	0.16666666666666666	0.9935386503080594
DRUG_2068:schisandrin A	1	59	90432	31847923	0.15445054829508023	0.01694915254237288	-0.9596414660154837
DRUG_2074:BUTAPROST	1	285	90432	31847923	0.555324588228501	0.0035087719298245615	-2.199391763258758
DRUG_2077:LXR 623	5	9	90432	31847923	2.3036311811277902e-11	0.5555555555555556	10.382314546544256
DRUG_2083:chelerythrine	11	1980	90432	31847923	0.028714536284036904	0.005555555555555556	-0.7133743122811715
DRUG_2089:T0070907	11	150	90432	31847923	1.0023783187535695e-12	0.07333333333333333	10.864269761719322
DRUG_2093:L-NAME	121	11148	90432	31847923	7.130103050186651e-34	0.010853964836742017	31.18249260359246
DRUG_2123:BENZIL	2	139	90432	31847923	0.059903992546359905	0.014388489208633094	-0.6194405732743966
DRUG_2137:oleoyl-CoA	1	237	90432	31847923	0.49029338759443114	0.004219409282700422	-2.065204382126738
DRUG_2144:Ki16425	1	146	90432	31847923	0.33976324053346674	0.00684931506849315	-1.6955292459235578
DRUG_2145:O-Sialic Acid	1	3	90432	31847923	0.008494318267297268	0.3333333333333333	1.5937502160636945
DRUG_2159:Anacetrapib	32	180	90432	31847923	6.30075901596314e-47	0.17777777777777778	45.45048460366953
DRUG_2168:WAY-252623	3	6	90432	31847923	4.549478051138698e-07	0.5	6.041008430209226
DRUG_2179:CCK-8	96	9317	90432	31847923	1.2292165175526057e-25	0.010303745840935923	22.923366750110652
DRUG_2181:Staurosporine	34	6604	90432	31847923	0.0009574813063876516	0.00514839491217444	0.7305415487789237
DRUG_2190:YM-750	1	3	90432	31847923	0.008494318267297268	0.3333333333333333	1.5937502160636945
DRUG_2198:Bezafibrate	65	1303	90432	31847923	6.262999288991543e-57	0.0498848810437452	54.90118657853235
DRUG_2211:ANDROSTERONE	3	1005	90432	31847923	0.5435338906646543	0.0029850746268656717	-2.260271435624328
DRUG_2248:Vorapaxar	25	235	90432	31847923	3.9058039949878014e-31	0.10638297872340426	29.435161701107216
DRUG_2265:Statin	1778	19122	90432	31847923	0.0	0.09298190565840393	321.97358379022864
DRUG_2272:Dihydrotestosterone	34	7981	90432	31847923	0.0153709773420781	0.0042601177797268516	-0.5572798761506021
DRUG_2279:Balaglitazone	1	9	90432	31847923	0.025267109720835974	0.1111111111111111	0.6432019243068362
DRUG_2290:Zileuton	4	456	90432	31847923	0.04233771844108475	0.008771929824561403	-0.6836323017334875
DRUG_2307:Bisindolylmaleimide-I	3	547	90432	31847923	0.20445847037223358	0.005484460694698354	-1.5714711789703486
DRUG_2308:carbocyclic thromboxane A2	1	50	90432	31847923	0.13253211732887504	0.02	-0.8212911406350254
DRUG_2330:REV-5901	1	39	90432	31847923	0.10496984472555958	0.02564102564102564	-0.6121291618085429
DRUG_2332:GW7647	4	71	90432	31847923	5.42597107190797e-05	0.056338028169014086	3.01632416858033
DRUG_2342:GM6001	11	525	90432	31847923	4.801205261453263e-07	0.02095238095238095	4.63988310839903
DRUG_2350:Torcetrapib	64	251	90432	31847923	2.629633863302602e-103	0.2549800796812749	101.98661096873428
DRUG_2367:Phenobarbital	9	11448	90432	31847923	0.9999997358598617	0.0007861635220125787	-3.1044869965977755
DRUG_2371:DORSOMORPHIN	1	233	90432	31847923	0.48446276019541257	0.004291845493562232	-2.0526163202389736
DRUG_2385:RGD	34	6399	90432	31847923	0.0005671153237943628	0.005313330207844975	0.9716954245326401
DRUG_2432:Neovastat	1	29	90432	31847923	0.0791540367284317	0.034482758620689655	-0.36087106598145824
DRUG_2441:Simvastatin	579	8286	90432	31847923	0.0	0.06987690079652426	321.849518982217
DRUG_2452:zoxazolamine	1	176	90432	31847923	0.39375022299403434	0.005681818181818182	-1.8407334805674924
DRUG_2453:BMS-201038	1	5	90432	31847923	0.0141170743663645	0.2	1.1512852931545385
DRUG_2458:PYROGALLOL	5	1068	90432	31847923	0.19000398237081656	0.0046816479400749065	-1.6083639519595874
DRUG_2496:NCX-6560	2	5	90432	31847923	8.016950518851163e-05	0.4	3.6980507882165687
DRUG_2516:iberiotoxin	3	1244	90432	31847923	0.6854940851316171	0.002411575562700965	-2.4537028374145238
DRUG_2520:BMS-687453	1	3	90432	31847923	0.008494318267297268	0.3333333333333333	1.5937502160636945
DRUG_2538:ETIOCHOLANOLONE	1	335	90432	31847923	0.6142588321491758	0.0029850746268656717	-2.3133962167572566
DRUG_2548:Treprostinil	3	461	90432	31847923	0.14473785240140655	0.006507592190889371	-1.3471617950112986
DRUG_2553:trimethylamine	154	2764	90432	31847923	1.4680180476393275e-139	0.055716353111432707	137.5792512873567
DRUG_2558:Meprobamate	2	1084	90432	31847923	0.8126281915733307	0.0018450184501845018	-2.6438911712680824
DRUG_2566:Deoxythymidine	1	1808	90432	31847923	0.9941495952305582	0.0005530973451327434	-3.2546501661652574
DRUG_2574:Amphetamine	4	16980	90432	31847923	0.9999999833482441	0.00023557126030624264	-3.6278776873482057
DRUG_2576:Sphinx	1	342	90432	31847923	0.621861094651539	0.0029239766081871343	-2.327719493056691
DRUG_2618:LOTRAFIBAN	1	18	90432	31847923	0.04989579948900513	0.05555555555555555	0.04666350910361072
DRUG_2624:Semaglutide	4	378	90432	31847923	0.02362394198140489	0.010582010582010581	-0.3487841758735555
DRUG_2642:Regadenoson	3	307	90432	31847923	0.05802615024545284	0.009771986970684038	-0.7736408789385039
DRUG_2645:9-hydroxyoctadecadienoic acid	7	46	90432	31847923	7.228385172715924e-11	0.15217391304347827	9.323298921952336
DRUG_2650:CI-976	8	43	90432	31847923	5.607866733483876e-13	0.18604651162790697	11.520823846995885
DRUG_2686:T-686	1	6	90432	31847923	0.01691648388285993	0.16666666666666666	0.9935386503080594
DRUG_2706:Midostaurin	2	270	90432	31847923	0.17915899320440137	0.007407407407407408	-1.3835723817284653
DRUG_2710:Piperazine	8	4499	90432	31847923	0.9395667934683845	0.0017781729273171815	-2.722953665547514
DRUG_2730:SQ-29548	5	218	90432	31847923	0.00043821872455285623	0.022935779816513763	1.7188225802355168
DRUG_2740:U0126	63	5003	90432	31847923	1.3781054995265065e-21	0.012592444533280032	18.960827580734133
DRUG_2744:pentanoic acid	1	332	90432	31847923	0.6109541765525766	0.0030120481927710845	-2.3071467217425767
DRUG_2761:isocarbacyclin	1	33	90432	31847923	0.08956852979031685	0.030303030303030304	-0.4706693854868693
DRUG_2765:Amiodarone	6	7746	90432	31847923	0.9999849838456573	0.000774593338497289	-3.110919720784486
DRUG_2779:PIP2	1	1515	90432	31847923	0.9865401788079995	0.0006600660066006601	-3.1745274102919847
DRUG_2783:Mevastatin	6	244	90432	31847923	8.113247243847209e-05	0.02459016393442623	2.481566713135173
DRUG_2820:Alpha 1-PI	1	282	90432	31847923	0.5515149630829044	0.0035460992907801418	-2.1918064080442257
DRUG_2835:Antiarrhythmics	3	711	90432	31847923	0.3284409558823928	0.004219409282700422	-1.891205653424266
DRUG_2845:F-1394	5	11	90432	31847923	8.406735640236413e-11	0.45454545454545453	9.732949928450498
DRUG_2851:F3	8	5941	90432	31847923	0.9941637930282183	0.0013465746507322	-2.8682275076775783
DRUG_2869:Benzenesulfonyl	2	341	90432	31847923	0.2525524730418929	0.005865102639296188	-1.634076008891947
DRUG_2872:Ranibizumab	1	3756	90432	31847923	0.9999770779093103	0.00026624068157614486	-3.5747156285424775
DRUG_2934:Thenoyltrifluoroacetone	5	223	90432	31847923	0.00048564671493724526	0.02242152466367713	1.6643446859066713
DRUG_2939:EC20	2	122	90432	31847923	0.047562130320138375	0.01639344262295082	-0.4625911335554196
DRUG_2956:(-)-pinoresinol	1	252	90432	31847923	0.511576839765195	0.003968253968253968	-2.110311415544661
DRUG_2976:PGJ2	26	698	90432	31847923	1.3025316639676437e-20	0.03724928366762178	18.456329635741334
DRUG_2992:Bicalutamide	3	1122	90432	31847923	0.6175065553795218	0.00267379679144385	-2.363513174577595
DRUG_2997:SCOPOLETIN	2	461	90432	31847923	0.3765206210451725	0.004338394793926247	-1.9384596960814764
DRUG_2998:Oxandrolone	1	368	90432	31847923	0.6488094208394436	0.002717391304347826	-2.3779649659630553
DRUG_3080:DPO-1	1	15	90432	31847923	0.04175616757595674	0.06666666666666667	0.20318810911563423
DRUG_3082:HMG-CoA reductase inhibitor	120	1178	90432	31847923	1.113555257524661e-140	0.10186757215619695	138.96132418286356
DRUG_3090:MK-886	8	322	90432	31847923	5.037806061068741e-06	0.024844720496894408	3.6929926707185503
DRUG_3100:AZD2014	1	43	90432	31847923	0.11509236594035657	0.023255813953488372	-0.6945149734758318
DRUG_3105:FORSYTHIASIDE	1	47	90432	31847923	0.12510041429442992	0.02127659574468085	-0.7693566058824297
DRUG_3109:Sodium phenylbutyrate	1	162	90432	31847923	0.36912879266619253	0.006172839506172839	-1.7766929367590092
DRUG_3134:D-aspartic acid	2	1951	90432	31847923	0.9744603204085996	0.0010251153254741158	-2.977991433265822
DRUG_3138:Diazoxide	2	2358	90432	31847923	0.9905535245262853	0.0008481764206955047	-3.06739175269138
DRUG_3153:ONO-3708	1	101	90432	31847923	0.24963637465322425	0.009900990099009901	-1.4016292406912787
DRUG_3157:Fluvastatin	156	1610	90432	31847923	7.700819332036485e-179	0.0968944099378882	177.09976178774073
DRUG_3187:BMS-779788	1	2	90432	31847923	0.005670926222373939	0.5	1.9453160070983908
DRUG_3188:Magnesium	180	39709	90432	31847923	3.116756281733279e-09	0.0045329774106625705	6.162680711371365
DRUG_3214:Lovastatin	182	3085	90432	31847923	5.1420851510727013e-169	0.058995137763371154	167.0596769554897
DRUG_3270:Clofibrate	50	2334	90432	31847923	3.876988263341193e-27	0.021422450728363324	24.742374666340602
DRUG_3271:GFT-505	1	4	90432	31847923	0.011309693394129702	0.25	1.34448917731356
DRUG_3309:Nonsteroidal anti-inflammatory drugs (NSAIDs)	12	1996	90432	31847923	0.01345691148710607	0.006012024048096192	-0.3499246867486061
DRUG_3311:Imiglitazar	1	1	90432	31847923	0.002839494431046653	1.0	2.5467589787389584
DRUG_3315:Nateglinide	7	386	90432	31847923	0.0001400582759265738	0.018134715025906734	2.1122019593264154
DRUG_3326:EUGENOL	5	2748	90432	31847923	0.8888666453527686	0.001819505094614265	-2.6888833336925133
DRUG_3335:INO-1001	4	46	90432	31847923	9.643102954219644e-06	0.08695652173913043	3.9550853561317867
DRUG_3339:PIRINIXIC ACID	1	36	90432	31847923	0.09730203033352708	0.027777777777777776	-0.5444244032499004
DRUG_3354:Rottlerin	8	916	90432	31847923	0.00527072924940282	0.008733624454148471	0.21932380568632892
DRUG_3355:Silymarin	7	2002	90432	31847923	0.3431177497712491	0.0034965034965034965	-1.9918092181870182
DRUG_3361:NAFAZATROM	1	83	90432	31847923	0.21023004751877716	0.012048192771084338	-1.2417728808475335
DRUG_3364:N-Omega-Hydroxy-L-Arginine	1	70	90432	31847923	0.18048908555793144	0.014285714285714285	-1.101548984620031
DRUG_3375:Hydroquinone	7	3580	90432	31847923	0.8803099160308743	0.0019553072625698325	-2.6534205805150184
DRUG_3381:Lobeglitazone	3	39	90432	31847923	0.00019380307540082763	0.07692307692307693	2.59869598323945
DRUG_3418:Phenylbutyrate	12	798	90432	31847923	4.533202620856126e-06	0.015037593984962405	3.5207732235153095
DRUG_3420:Cyclic Guanosine Monophosphate	49	3560	90432	31847923	1.1444048559559328e-18	0.013764044943820225	16.080166390113614
DRUG_3421:Dexanabinol	1	36	90432	31847923	0.09730203033352708	0.027777777777777776	-0.5444244032499004
DRUG_3431:PJ34	3	203	90432	31847923	0.020660412314649833	0.014778325123152709	-0.14551376756933188
DRUG_3467:PACTIMIBE	6	16	90432	31847923	4.095609238178148e-12	0.375	10.961712753792785
DRUG_3483:LPA	109	4033	90432	31847923	6.244669831385396e-67	0.02702702702702703	64.63628879466368
DRUG_3519:L-NIL	1	338	90432	31847923	0.617535491026222	0.0029585798816568047	-2.319578622717718
DRUG_3524:Nicotinamide-Adenine-Dinucleotide	158	9331	90432	31847923	5.255776199629789e-68	0.016932804629728862	65.50809203361827
DRUG_3544:15-deoxy-Delta12,14-PGJ2	1	34	90432	31847923	0.09215369458118261	0.029411764705882353	-0.49599166846990306
DRUG_3546:GLYCYRRHIZIN	8	1339	90432	31847923	0.03997870426688477	0.00597460791635549	-0.8255193042928821
DRUG_3562:Lixisenatide	5	383	90432	31847923	0.005104746583623326	0.013054830287206266	0.4077970432129827
DRUG_3564:Ketamine	3	15074	90432	31847923	0.9999999529155597	0.00019901817699349874	-3.7011072357675956
DRUG_3577:SB-203347	1	11	90432	31847923	0.030794749587977368	0.09090909090909091	0.47013063793041665
DRUG_3613:Fenofibrate	181	2862	90432	31847923	1.752734299686751e-173	0.06324248777078965	171.55729285988542
DRUG_3614:KURARINOL	2	17	90432	31847923	0.0010658436797791027	0.11764705882352941	2.0428875600149636
DRUG_3622:MDCO-216	1	8	90432	31847923	0.022491479021999855	0.125	0.7448919977692632
DRUG_3628:COOH	9	9117	90432	31847923	0.9999602438569105	0.0009871668311944718	-3.0055921791434934
DRUG_3639:BMS-A	1	80	90432	31847923	0.20346400217489083	0.0125	-1.2115775698911944
DRUG_3640:BAICALEIN	14	1483	90432	31847923	0.0001253620022704873	0.009440323668240054	1.876820964622
DRUG_3642:Milrinone	1	1545	90432	31847923	0.9876409287871164	0.0006472491909385113	-3.1835275629734423
DRUG_3660:Aspirin	728	36929	90432	31847923	0.0	0.01971350429201982	321.29994917921033
DRUG_3661:Fibrates	263	1842	90432	31847923	0.0	0.14277958740499458	322.15985147008075
DRUG_3667:Tretinoin	2	974	90432	31847923	0.7634527228555283	0.002053388090349076	-2.5703111095636118
DRUG_3681:TETRAHYDROQUINOLINE A	1	3	90432	31847923	0.008494318267297268	0.3333333333333333	1.5937502160636945
DRUG_3685:GW1929	1	71	90432	31847923	0.18281608209547576	0.014084507042253521	-1.1132727461240581
DRUG_3686:L-NMMA	50	2398	90432	31847923	1.2730713397166523e-26	0.020850708924103418	24.21426808446692
DRUG_3694:3-Hydroxy-3-Methyl-Glutaric Acid	1	8	90432	31847923	0.022491479021999855	0.125	0.7448919977692632
DRUG_3744:Epoprostenol	5	862	90432	31847923	0.10164947760218722	0.00580046403712297	-1.2436424125387924
DRUG_3754:N-hydroxy-nor-L-arginine	1	10	90432	31847923	0.028034859116687544	0.1	0.5523016220159567
DRUG_3758:PGF2alpha	16	1436	90432	31847923	5.9035488346743655e-06	0.011142061281337047	3.2758523826369346
DRUG_3760:Licofelone	2	95	90432	31847923	0.030242356365204497	0.021052631578947368	-0.15730923628659754
DRUG_3763:Flutamide	4	2388	90432	31847923	0.9063875653953776	0.0016750418760469012	-2.733288270000139
DRUG_3765:Aminophylline	2	2509	90432	31847923	0.9935085884989607	0.0007971303308090873	-3.095642291421158
DRUG_3769:Cerivastatin	34	547	90432	31847923	9.105800419851414e-34	0.062157221206581355	31.834173463461354
DRUG_3773:L-aspartic acid	2	851	90432	31847923	0.6955529584964202	0.0023501762632197414	-2.471229766623818
DRUG_3787:Glucagon-like peptide-1 analog	2	173	90432	31847923	0.08733851966831316	0.011560693641618497	-0.8782219341006128
DRUG_3798:Alprostadil	7	532	90432	31847923	0.00094083642775598	0.013157894736842105	1.1456722834395947
DRUG_3800:AH6809	1	152	90432	31847923	0.3509321727822445	0.006578947368421052	-1.727066773262751
DRUG_3803:Magnesium Sulfate	3	2620	90432	31847923	0.978909706869684	0.0011450381679389313	-2.931922671593512
DRUG_3812:NS-8	1	37	90432	31847923	0.09986524208131967	0.02702702702702703	-0.5676160831748147
DRUG_3829:Iloprost	22	2047	90432	31847923	2.177859569847884e-07	0.01074743527112848	4.693274965497701
DRUG_3830:eicosatetranoic acid	2	16	90432	31847923	0.0009422279667930356	0.125	2.1227540223781443
DRUG_3846:KRP-297	1	11	90432	31847923	0.030794749587977368	0.09090909090909091	0.47013063793041665
DRUG_3859:U46619	33	2038	90432	31847923	5.133991898317297e-15	0.01619234543670265	12.498854581208805
DRUG_3878:Crizotinib	2	1909	90432	31847923	0.9717454940049101	0.0010476689366160294	-2.9673284682091254
DRUG_3882:Ibrolipim	1	11	90432	31847923	0.030794749587977368	0.09090909090909091	0.47013063793041665
DRUG_3892:APIGENIN	25	2403	90432	31847923	6.259124066686323e-08	0.010403662089055347	5.220672677760241
DRUG_3898:DEOXYCYTIDINE	13	6135	90432	31847923	0.8852254011385122	0.0021189894050529746	-2.620925082071975
DRUG_3901:1400W	2	508	90432	31847923	0.4229519024892343	0.003937007874015748	-2.0311246994295464
DRUG_3902:BADGE	1	725	90432	31847923	0.8727478541263608	0.001379310344827586	-2.8012267962345505
DRUG_3916:pregnenolone-16alpha-carbonitrile	1	171	90432	31847923	0.3850691692229359	0.005847953216374269	-1.8185348583777474
DRUG_3939:MBX-102	1	4	90432	31847923	0.011309693394129702	0.25	1.34448917731356
DRUG_3958:KAEMPFEROL	21	2759	90432	31847923	6.848759751244726e-05	0.007611453425154041	2.0458556624642745
DRUG_3966:TG-C	3	113	90432	31847923	0.00424755009320339	0.02654867256637168	0.7959043018414742
DRUG_3967:RWJ-58259	1	10	90432	31847923	0.028034859116687544	0.1	0.5523016220159567
DRUG_3978:Dulaglutide	2	366	90432	31847923	0.2786989197436622	0.00546448087431694	-1.7075863750914702
DRUG_3986:Fasudil	25	927	90432	31847923	1.2749216482230283e-16	0.02696871628910464	14.325376779004603
DRUG_3988:Glitazone	4	139	90432	31847923	0.000713535184873572	0.02877697841726619	1.6056297977581917
DRUG_4007:Indirubin-3'-monoxime	1	64	90432	31847923	0.16638724682407038	0.015625	-1.0273000096033222
DRUG_4015:S-(2-boronoethyl)-L-cysteine	2	43	90432	31847923	0.006738881722716895	0.046511627906976744	0.8389737061525451
DRUG_4058:Lanosterol	7	986	90432	31847923	0.024213202206966433	0.007099391480730223	-0.5328311038090414
DRUG_4062:Seratrodast	1	46	90432	31847923	0.12260907869175443	0.021739130434782608	-0.7512804607526599
DRUG_4066:2'-Deoxyuridine	29	6840	90432	31847923	0.02481919837472591	0.004239766081871345	-0.767445854108155
DRUG_4074:PITAVASTATIN CALCIUM	3	25	90432	31847923	5.024567041465641e-05	0.12	3.3780826007716773
DRUG_4089:27-hydroxycholesterol	36	397	90432	31847923	1.4304517030673942e-41	0.0906801007556675	39.80203879487961
DRUG_4101:viral macrophage inflammatory protein-II	2	41	90432	31847923	0.006142486492832388	0.04878048780487805	0.8999019287933172
DRUG_4123:3-aminobenzamide	2	793	90432	31847923	0.6582852132197353	0.0025220680958385876	-2.416657291483361
DRUG_4132:LAROPIPRANT	5	104	90432	31847923	1.3435684526676507e-05	0.04807692307692308	3.5536768670938748
DRUG_4148:Taspoglutide	1	55	90432	31847923	0.1447782299232706	0.01818181818181818	-0.9010659520805301
DRUG_4158:Adenosine-5'-Diphosphate	11	1153	90432	31847923	0.0005841586819779976	0.009540329575021683	1.213032542144084
DRUG_4166:Xilonix	1	4	90432	31847923	0.011309693394129702	0.25	1.34448917731356
DRUG_4179:N6-CYCLOPENTYLADENOSINE	1	502	90432	31847923	0.7600837001033849	0.00199203187250996	-2.5815651363883245
DRUG_4182:Avasimibe	12	50	90432	31847923	3.0164708392873234e-20	0.24	18.90071211043406
DRUG_4188:Thiazolidinedione	78	2008	90432	31847923	7.794330232645502e-60	0.03884462151394422	57.697552092045214
DRUG_4197:Glipizide	5	770	90432	31847923	0.07075658477111128	0.006493506493506494	-1.0372875833605304
DRUG_4207:L-Homoarginine	6	164	90432	31847923	8.798626114126487e-06	0.036585365853658534	3.6188925390080087
DRUG_4287:DL-3	8	432	90432	31847923	4.109719742670636e-05	0.018518518518518517	2.6537940334741097
DRUG_4297:Cholic Acid	72	2204	90432	31847923	2.7728070829016487e-50	0.032667876588021776	48.07120125151167
DRUG_4300:CER-001	7	12	90432	31847923	1.1638868097324009e-15	0.5833333333333334	14.700006047586523
DRUG_4320:Pravastatin	334	3484	90432	31847923	0.0	0.09586681974741676	321.98685366792773
DRUG_4332:NTE-122	1	7	90432	31847923	0.019707944578024852	0.14285714285714285	0.8602606276885254
DRUG_4335:HONOKIOL	4	753	90432	31847923	0.1683863757260769	0.005312084993359893	-1.5010419343502006
DRUG_4336:Sodium bicarbonate	3	3761	90432	31847923	0.9984354941849308	0.0007976601967561818	-3.0975020903987107
DRUG_4340:FR167653	1	131	90432	31847923	0.31099285954038897	0.007633587786259542	-1.610021713307015
DRUG_4352:Ragaglitazar	1	30	90432	31847923	0.08176877609390852	0.03333333333333333	-0.3897087520481428
DRUG_4359:Indapamide	4	980	90432	31847923	0.3041474653751897	0.004081632653061225	-1.8722502859684873
DRUG_4360:isobutylmethylxanthine	1	942	90432	31847923	0.9313440878265807	0.0010615711252653928	-2.943161064801385
DRUG_4366:deoxycorticosterone	13	3053	90432	31847923	0.1011655364204666	0.004258106780216181	-1.3758160406660105
DRUG_4369:447C88	1	4	90432	31847923	0.011309693394129702	0.25	1.34448917731356
DRUG_4393:Bicuculline	2	6172	90432	31847923	0.9999995612556344	0.0003240440699935191	-3.4893957311828308
DRUG_4404:Antiandrogens	2	1150	90432	31847923	0.8375486758838303	0.0017391304347826088	-2.6826779010593484
DRUG_4410:CER-522	1	1	90432	31847923	0.002839494431046653	1.0	2.5467589787389584
DRUG_4432:Vitamin B3	4	226	90432	31847923	0.004175419195000215	0.017699115044247787	0.6272514687833628
DRUG_4436:VULM-1457	2	4	90432	31847923	4.819288679910545e-05	0.5	4.015987062608963
DRUG_4442:Heme	353	31740	90432	31847923	4.738266123171752e-98	0.011121613106490234	95.37054833388927
DRUG_4464:ATORVASTATIN	705	7628	90432	31847923	0.0	0.09242265338227583	321.9709637800692
DRUG_4465:SULFASALAZINE	8	2546	90432	31847923	0.43546795671950295	0.003142183817753339	-2.1417246159130214
DRUG_4466:ZILEUTON	4	456	90432	31847923	0.04233771844108475	0.008771929824561403	-0.6836323017334875
DRUG_4468:MESALAMINE	1	779	90432	31847923	0.8908617003350902	0.0012836970474967907	-2.84134774594824
DRUG_4474:MONTELUKAST	11	1921	90432	31847923	0.02380091167516643	0.005726184279021343	-0.6187282723864922
DRUG_4475:5-OXO-ETE	1	93	90432	31847923	0.2323711968267403	0.010752688172043012	-1.3346652433804662
DRUG_4476:METHOTREXATE	104	33448	90432	31847923	0.18926627987252775	0.0031093039942597465	-1.7844100611684994
DRUG_4477:MELATONIN	55	21534	90432	31847923	0.8011754987888886	0.0025541004922448223	-2.4964896786366277
DRUG_4480:ATRELEUTON	4	4	90432	31847923	6.50032920573019e-11	1.0	10.18706464818613
DRUG_4487:LICOFELONE	2	95	90432	31847923	0.030242356365204497	0.021052631578947368	-0.15730923628659754
DRUG_4489:ACACETIN	2	224	90432	31847923	0.13373268394592558	0.008928571428571428	-1.175455583430112
DRUG_4490:ATEZOLIZUMAB	1	853	90432	31847923	0.9115719456287977	0.0011723329425556857	-2.8907399821141135
DRUG_4491:DIAZOXIDE	2	2358	90432	31847923	0.9905535245262853	0.0008481764206955047	-3.06739175269138
DRUG_4492:ACETAMINOPHEN	15	11918	90432	31847923	0.9999032959379017	0.001258600436314818	-2.9000701219617184
DRUG_4493:ADRIAMYCIN	5	11888	90432	31847923	0.9999999389328044	0.0004205921938088829	-3.3761387655593342
DRUG_4494:GINKGO	30	3440	90432	31847923	1.4578084735363967e-07	0.00872093023255814	4.776862341904209
DRUG_4495:LYCOPENE	74	3441	90432	31847923	1.9189327593685023e-39	0.021505376344086023	37.04948729006444
DRUG_4496:METHIMAZOLE	7	2290	90432	31847923	0.4739762108614899	0.003056768558951965	-2.1904939870569913
DRUG_4497:FADROZOLE	1	251	90432	31847923	0.5101859972239161	0.00398406374501992	-2.1074022560922474
DRUG_4498:SPIRONOLACTONE	22	4490	90432	31847923	0.011430956065214371	0.004899777282850779	-0.3679062157279802
DRUG_4499:STREPTOZOCIN	9	1494	90432	31847923	0.029278363024764043	0.006024096385542169	-0.6866548793749778
DRUG_4500:SAQUINAVIR	8	1428	90432	31847923	0.05419994984183497	0.0056022408963585435	-0.9856371050784001
DRUG_4501:CARBENOXOLONE	3	1107	90432	31847923	0.6084924045253697	0.0027100271002710027	-2.3512815277008103
DRUG_4504:MARIMASTAT	4	192	90432	31847923	0.002335071917661257	0.020833333333333332	0.9504585017212315
DRUG_4505:LISINOPRIL	16	2107	90432	31847923	0.000482683098205879	0.007593735168485999	1.1967933553649015
DRUG_4507:CGS-27023A	5	25	90432	31847923	9.352638804312533e-09	0.2	7.330095833297918
DRUG_4508:PRAVASTATIN	334	3484	90432	31847923	0.0	0.09586681974741676	321.98685366792773
DRUG_4514:CHLORTHALIDONE	12	926	90432	31847923	1.9636811503399966e-05	0.012958963282937365	2.819499288078502
DRUG_4517:BATIMASTAT	3	247	90432	31847923	0.03408073406325751	0.012145748987854251	-0.44808463898292805
DRUG_4519:TREPROSTINIL	3	461	90432	31847923	0.14473785240140655	0.006507592190889371	-1.3471617950112986
DRUG_4522:MK-0533	1	3	90432	31847923	0.008494318267297268	0.3333333333333333	1.5937502160636945
DRUG_4524:BARDOXOLONE METHYL	2	130	90432	31847923	0.05324310303035185	0.015384615384615385	-0.5391767150474471
DRUG_4526:ABIETIC ACID	1	157	90432	31847923	0.3600951577275305	0.006369426751592357	-1.752316933773985
DRUG_4532:GW7845	4	29	90432	31847923	1.4586630667461994e-06	0.13793103448275862	4.975707006642894
DRUG_4535:ROTENONE	14	3415	90432	31847923	0.11412948879724152	0.004099560761346999	-1.4446605443409022
DRUG_4536:FARGLITAZAR	1	11	90432	31847923	0.030794749587977368	0.09090909090909091	0.47013063793041665
DRUG_4537:ROSIGLITAZONE	175	4989	90432	31847923	1.275819315359434e-124	0.035077169773501705	122.43923537184996
DRUG_4538:TETRADECYLTHIOACETIC ACID	2	115	90432	31847923	0.04278751280792399	0.017391304347826087	-0.3909848868363792
DRUG_4540:PIOGLITAZONE	181	4817	90432	31847923	6.48060775926092e-134	0.03757525430766037	131.76328619211063
DRUG_4541:CIGLITAZONE	26	483	90432	31847923	1.3164565178238078e-24	0.053830227743271224	22.611619698160847
DRUG_4548:FENOFIBRIC ACID	15	222	90432	31847923	2.6763564698489793e-16	0.06756756756756757	14.402194327012253
DRUG_4551:RIVOGLITAZONE	1	13	90432	31847923	0.036291042953071055	0.07692307692307693	0.32625719830619104
DRUG_4552:ZAFIRLUKAST	4	331	90432	31847923	0.01536214460242526	0.012084592145015106	-0.10421985121510913
DRUG_4554:TROGLITAZONE	87	1940	90432	31847923	1.0456519950925498e-71	0.04484536082474227	69.6323303522663
DRUG_4557:RAGAGLITAZAR	1	30	90432	31847923	0.08176877609390852	0.03333333333333333	-0.3897087520481428
DRUG_4559:INDOMETHACIN	85	26460	90432	31847923	0.14005311242783228	0.003212396069538927	-1.6394636788156136
DRUG_4562:MURAGLITAZAR	1	57	90432	31847923	0.14962814197665952	0.017543859649122806	-0.9308881387447608
DRUG_4567:ALEGLITAZAR	5	43	90432	31847923	1.6238907396561318e-07	0.11627906976744186	5.854944743531527
DRUG_4573:GW501516	13	213	90432	31847923	9.444926295668154e-14	0.06103286384976526	11.810365175653075
DRUG_4574:IMIGLITAZAR	1	1	90432	31847923	0.002839494431046653	1.0	2.5467589787389584
DRUG_4581:GW7647	4	71	90432	31847923	5.42597107190797e-05	0.056338028169014086	3.01632416858033
DRUG_4585:TESAGLITAZAR	5	60	90432	31847923	8.850955152665637e-07	0.08333333333333333	4.973828613746222
DRUG_4586:BALAGLITAZONE	1	9	90432	31847923	0.025267109720835974	0.1111111111111111	0.6432019243068362
DRUG_4590:PROSTAGLANDIN D2	19	1667	90432	31847923	5.986876243020902e-07	0.011397720455908818	4.27961772035155
DRUG_4591:CELECOXIB	24	5424	90432	31847923	0.02520547440548043	0.004424778761061947	-0.7556033150831811
DRUG_4603:MYCOPHENOLIC ACID	7	2567	90432	31847923	0.5926699493132019	0.0027269185820023374	-2.337140736023904
DRUG_4605:HESPERETIN	10	621	90432	31847923	1.551648412319589e-05	0.01610305958132045	3.0161150784473145
DRUG_4606:DICLOFENAC	13	9290	90432	31847923	0.9985670009358532	0.0013993541442411195	-2.8534495717653354
DRUG_4608:ESTRADIOL	488	60526	90432	31847923	9.13217814311471e-87	0.008062650761656147	83.94590347372721
DRUG_4609:RALOXIFENE HYDROCHLORIDE	2	131	90432	31847923	0.05396940516468285	0.015267175572519083	-0.5483889314140562
DRUG_4611:PIOGLITAZONE HYDROCHLORIDE	1	106	90432	31847923	0.2602293283288686	0.009433962264150943	-1.4406621060438156
DRUG_4615:BEXAROTENE	4	541	90432	31847923	0.06999110422746418	0.0073937153419593345	-0.9761801190724411
DRUG_4616:GLYBURIDE	10	1174	90432	31847923	0.002316992827790479	0.008517887563884156	0.5654072136470862
DRUG_4617:OLANZAPINE	6	6601	90432	31847923	0.9998166674181995	0.0009089531889107711	-3.04137885473992
DRUG_4619:BARDOXOLONE	2	153	90432	31847923	0.07079115965380796	0.013071895424836602	-0.7336404618647903
DRUG_4620:GLITAZONE	4	139	90432	31847923	0.000713535184873572	0.02877697841726619	1.6056297977581917
DRUG_4622:THIAZOLIDINEDIONE	78	2008	90432	31847923	7.794330232645502e-60	0.03884462151394422	57.697552092045214
DRUG_4625:RESVERATROL	213	11337	90432	31847923	3.3743423831219796e-99	0.01878803916379995	96.74569230991928
DRUG_4629:PHENOTHIAZINE	1	3585	90432	31847923	0.9999626023031527	0.0002789400278940028	-3.554472918086735
DRUG_4632:LOBEGLITAZONE	3	39	90432	31847923	0.00019380307540082763	0.07692307692307693	2.59869598323945
DRUG_4633:APIGENIN	25	2403	90432	31847923	6.259124066686323e-08	0.010403662089055347	5.220672677760241
DRUG_4634:ZOLEDRONIC ACID	2	3110	90432	31847923	0.9985779627673737	0.0006430868167202572	-3.1911123709099756
DRUG_4638:ASPIRIN	728	36929	90432	31847923	0.0	0.01971350429201982	321.29994917921033
DRUG_4643:BENZBROMARONE	3	384	90432	31847923	0.0973913660741248	0.0078125	-1.0957304272188113
DRUG_4644:LEVOTHYROXINE	32	2705	90432	31847923	4.399024798842621e-11	0.011829944547134935	8.429626298623539
DRUG_4649:ANAKINRA	14	1512	90432	31847923	0.0001526698135247117	0.009259259259259259	1.7828230693795035
DRUG_4650:NAPROXEN	5	4889	90432	31847923	0.9980525519785514	0.0010227040294538761	-2.9894034423849467
DRUG_4652:BINDARIT	1	52	90432	31847923	0.1374514481972148	0.019230769230769232	-0.8541526635927206
DRUG_4653:RISPERIDONE	5	7002	90432	31847923	0.9999816345022372	0.0007140816909454442	-3.1462441259854166
DRUG_4654:GENISTEIN	104	8550	90432	31847923	2.7720193179038086e-33	0.012163742690058479	30.642270972068864
DRUG_4655:SIMVASTATIN	579	8286	90432	31847923	0.0	0.06987690079652426	321.849518982217
DRUG_4656:GELDANAMYCIN	3	1378	90432	31847923	0.7492650583962855	0.0021770682148040637	-2.5367634428149004
DRUG_4657:ATORVASTATIN CALCIUM	9	209	90432	31847923	1.2678316017628695e-08	0.0430622009569378	6.531034650604268
DRUG_4658:LOVASTATIN	182	3085	90432	31847923	5.1420851510727013e-169	0.058995137763371154	167.0596769554897
DRUG_4659:PITAVASTATIN CALCIUM	3	25	90432	31847923	5.024567041465641e-05	0.12	3.3780826007716773
DRUG_4660:ROSUVASTATIN CALCIUM	4	73	90432	31847923	6.0507950799864624e-05	0.0547945205479452	2.956924686114789
DRUG_4661:FLUVASTATIN SODIUM	5	28	90432	31847923	1.7178193322255923e-08	0.17857142857142858	7.016834487039567
DRUG_4662:PITAVASTATIN	77	795	90432	31847923	3.350961535055281e-89	0.09685534591194969	87.46095415382223
DRUG_4663:CERIVASTATIN	34	547	90432	31847923	9.105800419851414e-34	0.062157221206581355	31.834173463461354
DRUG_4664:ROSUVASTATIN	284	3101	90432	31847923	6.6392714e-317	0.09158336020638504	315.1396961490297
DRUG_4665:FLUVASTATIN	156	1610	90432	31847923	7.700819332036485e-179	0.0968944099378882	177.09976178774073
DRUG_4666:CERIVASTATIN SODIUM	1	8	90432	31847923	0.022491479021999855	0.125	0.7448919977692632
DRUG_4667:PRAVASTATIN SODIUM	9	91	90432	31847923	7.623684429821536e-12	0.0989010989010989	10.113036206038803
DRUG_4668:MEVASTATIN	6	244	90432	31847923	8.113247243847209e-05	0.02459016393442623	2.481566713135173
DRUG_4670:LAROPIPRANT	5	104	90432	31847923	1.3435684526676507e-05	0.04807692307692308	3.5536768670938748
DRUG_4671:TOCOTRIENOL	11	933	90432	31847923	9.85219248818197e-05	0.011789924973204717	2.077978153090516
DRUG_4674:LEUCOVORIN	1	4907	90432	31847923	0.9999990779475977	0.0002037905033625433	-3.6908156575384607
DRUG_4676:FLUOROURACIL	5	30229	90432	31847923	0.9999999547818313	0.00016540408217274803	-3.7814537566253903
DRUG_4677:CAPECITABINE	1	5352	90432	31847923	0.9999997500459363	0.0001868460388639761	-3.7285159962060823
DRUG_4680:SIALYL LEWIS X	5	1000	90432	31847923	0.15826184866476145	0.005	-1.5004062301011916
DRUG_4681:OXALIPLATIN	1	9048	90432	31847923	0.9999999137701756	0.00011052166224580017	-3.9565525544682605
DRUG_4683:FENOFIBRATE	181	2862	90432	31847923	1.752734299686751e-173	0.06324248777078965	171.55729285988542
DRUG_4684:AFLIBERCEPT	1	1892	90432	31847923	0.9953927494844457	0.0005285412262156448	-3.2749156050516723
DRUG_4685:BEVACIZUMAB	9	14174	90432	31847923	0.9999999011168418	0.0006349654296599407	-3.1972498760417607
DRUG_4687:SORAFENIB	2	7330	90432	31847923	0.9999999244888278	0.00027285129604365623	-3.56407394618306
DRUG_4689:ELMIRON	2	31	90432	31847923	0.0035493286555969535	0.06451612903225806	1.2595220864483898
DRUG_4690:SUNITINIB	5	4926	90432	31847923	0.9981977601106033	0.0010150223304912708	-2.9927409941703247
DRUG_4693:RANIBIZUMAB	1	3756	90432	31847923	0.9999770779093103	0.00026624068157614486	-3.5747156285424775
DRUG_4695:IRINOTECAN	1	7563	90432	31847923	0.9999999202248357	0.0001322226629644321	-3.878694065750193
DRUG_4700:LENALIDOMIDE	1	3711	90432	31847923	0.9999737664323491	0.00026946914578280785	-3.5694795611056684
DRUG_4704:DOCETAXEL	4	12823	90432	31847923	0.999999987412195	0.0003119394837401544	-3.505929645472736
DRUG_4705:PHENYTOIN	12	8619	90432	31847923	0.9980998204089562	0.0013922728854855553	-2.85544961210859
DRUG_4706:SILDENAFIL	25	5863	90432	31847923	0.03301940417347409	0.004264028654272557	-0.8889491177797217
DRUG_4707:GENTAMICIN	3	15420	90432	31847923	0.9999999114891419	0.0001945525291828794	-3.710963080555497
DRUG_4710:CILOSTAZOL	101	1615	90432	31847923	3.7003446480902645e-97	0.06253869969040247	95.22790667121255
DRUG_4711:CISPLATIN	15	48109	90432	31847923	1.0	0.0003117919723960174	-3.5061350706384955
DRUG_4714:ENALAPRIL	74	5497	90432	31847923	9.329093754699209e-27	0.01346188830271057	24.15926652513334
DRUG_4716:ACETAZOLAMIDE	6	4603	90432	31847923	0.9898270545549485	0.001303497718878992	-2.8804490445485604
DRUG_4718:DEFEROXAMINE	17	2989	90432	31847923	0.006442675303579038	0.005687520910003346	-0.05414323808864285
DRUG_4719:CAPTOPRIL	80	9248	90432	31847923	2.3911805478830017e-17	0.00865051903114187	14.558429796830666
DRUG_4726:BMS-779788	1	2	90432	31847923	0.005670926222373939	0.5	1.9453160070983908
DRUG_4729:DESMOSTEROL	14	357	90432	31847923	4.318614112018465e-12	0.0392156862745098	9.958115419989076
DRUG_4731:T091317	1	3	90432	31847923	0.008494318267297268	0.3333333333333333	1.5937502160636945
DRUG_4734:LXR-623	5	9	90432	31847923	2.3036311811277902e-11	0.5555555555555556	10.382314546544256
DRUG_4737:GEFITINIB	1	5448	90432	31847923	0.9999997361241049	0.00018355359765051394	-3.7362369843048686
DRUG_4739:DALCETRAPIB	32	141	90432	31847923	1.173574438649855e-50	0.22695035460992907	49.28642022399274
DRUG_4740:EVACETRAPIB	10	77	90432	31847923	3.1423327485235475e-14	0.12987012987012986	12.616257103290947
DRUG_4741:ANACETRAPIB	32	180	90432	31847923	6.30075901596314e-47	0.17777777777777778	45.45048460366953
DRUG_4742:TORCETRAPIB	64	251	90432	31847923	2.629633863302602e-103	0.2549800796812749	101.98661096873428
DRUG_4744:TAMOXIFEN	46	17918	90432	31847923	0.7719868465073558	0.002567250809242103	-2.478141601248421
DRUG_4747:RILONACEPT	3	115	90432	31847923	0.004460448000123264	0.02608695652173913	0.7670449336336724
DRUG_4749:HYDROXYCHLOROQUINE	48	4549	90432	31847923	5.044868927228808e-14	0.010551769619696637	11.320475413405951
DRUG_4755:ZIDOVUDINE	8	6472	90432	31847923	0.9977548043394807	0.0012360939431396785	-2.9069723492666317
DRUG_4756:DEOXYCYTIDINE	13	6135	90432	31847923	0.8852254011385122	0.0021189894050529746	-2.620925082071975
DRUG_4757:BUDESONIDE	1	4349	90432	31847923	0.9999957005204676	0.00022993791676247414	-3.638387540421086
DRUG_4762:CHRYSIN	7	946	90432	31847923	0.01990426771703061	0.007399577167019027	-0.4297393007993451
DRUG_4769:CORTISONE ACETATE	3	594	90432	31847923	0.23914107294723627	0.005050505050505051	-1.675319363710714
DRUG_4771:MOMETASONE	1	814	90432	31847923	0.9012007241625768	0.0012285012285012285	-2.8654459369197833
DRUG_4775:TESTOSTERONE	352	59389	90432	31847923	3.475445085411036e-35	0.0059270235228746065	32.23182622012108
DRUG_4777:HYDROCORTISONE	15	11680	90432	31847923	0.9998548075819087	0.0012842465753424657	-2.891288522876619
DRUG_4778:METHYLTESTOSTERONE	2	764	90432	31847923	0.6383172367400056	0.002617801047120419	-2.3870999349304194
DRUG_4786:BAICALEIN	14	1483	90432	31847923	0.0001253620022704873	0.009440323668240054	1.876820964622
DRUG_4787:OUABAIN	8	9862	90432	31847923	0.9999974858074904	0.0008111944838775097	-3.0908739193018695
DRUG_4789:CLIOQUINOL	1	464	90432	31847923	0.7327067962222673	0.0021551724137931034	-2.53144820041126
DRUG_4792:METHYLPREDNISOLONE	18	11946	90432	31847923	0.9989762150105981	0.0015067805123053742	-2.821505153380957
DRUG_4798:DIGOXIN	9	8748	90432	31847923	0.9999171179584045	0.00102880658436214	-2.9876302682212
DRUG_4799:NIFEDIPINE	128	13558	90432	31847923	4.328847099731221e-30	0.009440920489747751	27.33864209381216
DRUG_4801:ZEARALENONE	1	2293	90432	31847923	0.9985269803197043	0.0004361098996947231	-3.3597638587845955
DRUG_4805:DEXAMETHASONE	99	44814	90432	31847923	0.995912744460663	0.0022091310751104565	-2.653999805195464
DRUG_4810:CYPROTERONE ACETATE	7	1941	90432	31847923	0.31565350871900977	0.0036063884595569293	-1.9421381165642813
DRUG_4811:TESTOSTERONE PROPIONATE	5	2491	90432	31847923	0.8339769796440573	0.002007226013649137	-2.618557786126549
DRUG_4812:PREDNISOLONE	41	18534	90432	31847923	0.957448171895117	0.002212150642063235	-2.636300576230916
DRUG_4816:PREDNISONE	97	18802	90432	31847923	5.0361159963706724e-08	0.005159025635570684	5.0104719613056385
DRUG_4818:ANDROSTENEDIONE	33	6293	90432	31847923	0.0008369969904933186	0.005243921817892897	0.7969323116837308
DRUG_4820:DIGITOXIN	1	1264	90432	31847923	0.9725200251746967	0.0007911392405063291	-3.0896456266004932
DRUG_4824:MIFEPRISTONE	2	2747	90432	31847923	0.9964262940935548	0.0007280669821623589	-3.1362738431078685
DRUG_4826:DEFLAZACORT	1	343	90432	31847923	0.6229348594548301	0.0029154518950437317	-2.3297367547301557
DRUG_4831:DEXAMETHASONE ACETATE	2	122	90432	31847923	0.047562130320138375	0.01639344262295082	-0.4625911335554196
DRUG_4835:BETAMETHASONE	1	3577	90432	31847923	0.999961776980793	0.0002795638803466592	-3.5535023397853864
DRUG_4843:CARBAMAZEPINE	18	11154	90432	31847923	0.9967795725575499	0.0016137708445400753	-2.790757264270582
DRUG_4844:FLUTICASONE	1	3373	90432	31847923	0.9999317172898652	0.0002964719833975689	-3.527986685372479
DRUG_4855:CYCLOHEXIMIDE	75	12999	90432	31847923	2.3333466049360624e-08	0.005769674590353104	5.393172064157023
DRUG_4856:FLUOCINOLONE ACETONIDE	2	574	90432	31847923	0.4849514508340318	0.003484320557491289	-2.1435801596862523
DRUG_4863:CATECHOL	18	9746	90432	31847923	0.9795324310314883	0.001846911553457829	-2.724572721430309
DRUG_4870:ETHINYL ESTRADIOL	33	2417	90432	31847923	5.264936758771803e-13	0.01365328920148945	10.413844130564382
DRUG_4874:PROGESTERONE	77	61572	90432	31847923	0.9999999390380543	0.0012505684402000909	-2.9028925090550906
DRUG_4876:ALDOSTERONE	291	26759	90432	31847923	4.86848637663424e-79	0.010874845846257334	76.34902915036565
DRUG_4880:RANITIDINE	4	4280	90432	31847923	0.9979853752157574	0.0009345794392523365	-3.028507954734471
DRUG_4889:AMITRIPTYLINE	2	4800	90432	31847923	0.9999826256186816	0.0004166666666666667	-3.380203696048122
DRUG_4890:CHOLIC ACID	72	2204	90432	31847923	2.7728070829016487e-50	0.032667876588021776	48.07120125151167
DRUG_4892:ETOPOSIDE	7	15433	90432	31847923	0.999999926996919	0.0004535735113069397	-3.3433522844674917
DRUG_4895:SIROLIMUS	61	6915	90432	31847923	5.6070192406634344e-14	0.008821402747650036	11.19680560416917
DRUG_4898:THALIDOMIDE	8	6679	90432	31847923	0.9984698030666442	0.0011977840994160803	-2.9209563914182852
DRUG_4901:REBAMIPIDE	1	487	90432	31847923	0.7496289755185258	0.002053388090349076	-2.5623753262669804
DRUG_4902:PYRAZOLE	8	4076	90432	31847923	0.8905061268655038	0.001962708537782139	-2.6567811001874415
DRUG_4903:THYROTROPIN	26	14355	90432	31847923	0.9945317923826142	0.0018112156043190526	-2.7396485197164737
DRUG_4904:PHENYLEPHRINE	119	12297	90432	31847923	5.229206069220306e-29	0.00967715703016996	26.26731203178931
DRUG_4905:FAMOTIDINE	2	1459	90432	31847923	0.9186407172659178	0.0013708019191226869	-2.826170987139384
DRUG_4906:CAFFEINE	26	21122	90432	31847923	0.9999996655333739	0.0012309440393902093	-2.909761545058166
DRUG_4908:PENTOXIFYLLINE	40	3771	90432	31847923	5.0768182703914484e-12	0.010607265977194379	9.320011841229528
DRUG_4911:THEOPHYLLINE	10	12356	90432	31847923	0.999999839791825	0.0008093234056328909	-3.091877830051881
DRUG_4913:HYDROCHLOROTHIAZIDE	44	4999	90432	31847923	1.685595207394256e-10	0.008801760352070413	7.717816251949161
DRUG_4914:AMINOPHYLLINE	2	2509	90432	31847923	0.9935085884989607	0.0007971303308090873	-3.095642291421158
DRUG_4915:MILRINONE	1	1545	90432	31847923	0.9876409287871164	0.0006472491909385113	-3.1835275629734423
DRUG_4918:VESNARINONE	2	146	90432	31847923	0.06527076675059662	0.0136986301369863	-0.6780415746028154
DRUG_4920:CILOSTAMIDE	1	237	90432	31847923	0.49029338759443114	0.004219409282700422	-2.065204382126738
DRUG_4921:ENOXIMONE	1	425	90432	31847923	0.7013579266571832	0.002352941176470588	-2.474328639744255
DRUG_4926:IBUDILAST	2	147	90432	31847923	0.0660501965696114	0.013605442176870748	-0.6861614535248319
DRUG_4927:DIPYRIDAMOLE	108	5786	90432	31847923	5.835114264289277e-51	0.018665744901486345	48.50499596127527
DRUG_4929:ATOPAXAR	1	30	90432	31847923	0.08176877609390852	0.03333333333333333	-0.3897087520481428
DRUG_4931:VORAPAXAR	25	235	90432	31847923	3.9058039949878014e-31	0.10638297872340426	29.435161701107216
DRUG_4932:ATROPINE	6	17670	90432	31847923	0.9999998952417821	0.00033955857385398983	-3.469085253627202
DRUG_4933:BLEOMYCIN	1	12258	90432	31847923	0.9999998731577098	8.157937673356176e-05	-4.088419561929181
DRUG_4934:ALCOHOL	945	178413	90432	31847923	1.8436535727386663e-68	0.005296699231558238	65.45832599327244
DRUG_4935:THROMBIN	618	34926	90432	31847923	1.6218874498785141e-270	0.017694554200309225	268.0378189121621
DRUG_4936:WORTMANNIN	69	6243	90432	31847923	1.7901064603016188e-20	0.011052378664103796	17.790576895917315
DRUG_4937:ARGATROBAN	4	1040	90432	31847923	0.34224075181553104	0.0038461538461538464	-1.949305069233386
DRUG_4938:LEPIRUDIN	3	392	90432	31847923	0.10197413785755857	0.007653061224489796	-1.124654854553838
DRUG_4939:MORPHINE	7	38724	90432	31847923	0.9999999128583524	0.00018076644974692697	-3.742882133592135
DRUG_4940:DALTEPARIN	3	861	90432	31847923	0.4421177455194071	0.003484320557491289	-2.103419843502543
DRUG_4943:TRETINOIN	2	974	90432	31847923	0.7634527228555283	0.002053388090349076	-2.5703111095636118
DRUG_4948:BEZAFIBRATE	65	1303	90432	31847923	6.262999288991543e-57	0.0498848810437452	54.90118657853235
DRUG_4958:IDEBENONE	3	442	90432	31847923	0.13242654759690525	0.006787330316742082	-1.2902760716296933
DRUG_4967:DASATINIB	4	2825	90432	31847923	0.958440769801893	0.001415929203539823	-2.830523740125024
DRUG_4971:RETINAL	406	122007	90432	31847923	0.0009404841395174005	0.0033276779201193373	0.5487898091484302
DRUG_4974:PHENANTHROLINE	6	5521	90432	31847923	0.9982801454728661	0.0010867596449918493	-2.9631189303885552
DRUG_4980:BAZEDOXIFENE ACETATE	2	34	90432	31847923	0.004257995116020258	0.058823529411764705	1.14034591966096
DRUG_4984:DISULFIRAM	2	2403	90432	31847923	0.9915502194054213	0.0008322929671244278	-3.076038490109218
DRUG_4985:TRIPARANOL	8	204	90432	31847923	1.6693347490205457e-07	0.0392156862745098	5.370916385777693
DRUG_4995:THIORIDAZINE	1	1546	90432	31847923	0.9876759259552951	0.000646830530401035	-3.183823957796399
DRUG_5011:ZIRAM	1	128	90432	31847923	0.3050900383427786	0.0078125	-1.5916379971415007
DRUG_5014:SERATRODAST	1	46	90432	31847923	0.12260907869175443	0.021739130434782608	-0.7512804607526599
DRUG_5016:GOSSYPOL	1	1548	90432	31847923	0.987745862205456	0.0006459948320413437	-3.184416175388688
DRUG_5018:CLOTRIMAZOLE	1	1640	90432	31847923	0.9905666494873933	0.0006097560975609756	-3.2107275500633916
DRUG_5023:BISPHENOL A	16	8791	90432	31847923	0.9774839042267314	0.0018200432260266181	-2.7300279121998345
DRUG_5025:CHLORHEXIDINE	1	8096	90432	31847923	0.9999999471533396	0.00012351778656126481	-3.9082704765447103
DRUG_5028:THIOSEMICARBAZIDE	1	539	90432	31847923	0.7840433221500448	0.0018552875695732839	-2.625928825385082
DRUG_5029:MENADIONE	4	1988	90432	31847923	0.8145956155042333	0.002012072434607646	-2.6072984569342785
DRUG_5030:ASTEMIZOLE	1	464	90432	31847923	0.7327067962222673	0.0021551724137931034	-2.53144820041126
DRUG_5038:PENFLURIDOL	1	176	90432	31847923	0.39375022299403434	0.005681818181818182	-1.8407334805674924
DRUG_5045:ALPROSTADIL	7	532	90432	31847923	0.00094083642775598	0.013157894736842105	1.1456722834395947
DRUG_5050:ILOPROST	22	2047	90432	31847923	2.177859569847884e-07	0.01074743527112848	4.693274965497701
DRUG_5052:BUTAPROST	1	285	90432	31847923	0.555324588228501	0.0035087719298245615	-2.199391763258758
DRUG_5054:TESTOSTERONE UNDECANOATE	2	403	90432	31847923	0.3172354651100374	0.004962779156327543	-1.8056567834751935
DRUG_5055:PRASTERONE	3	83	90432	31847923	0.0017753709179369158	0.03614457831325301	1.3087540608485209
DRUG_5058:BICALUTAMIDE	3	1122	90432	31847923	0.6175065553795218	0.00267379679144385	-2.363513174577595
DRUG_5064:TESTOSTERONE ENANTHATE	3	457	90432	31847923	0.1421152230233514	0.006564551422319475	-1.3354355462962024
DRUG_5065:DANAZOL	4	1839	90432	31847923	0.765156412283647	0.002175095160413268	-2.546271960054894
DRUG_5067:OXYMETHOLONE	2	222	90432	31847923	0.13182146810913656	0.009009009009009009	-1.1653091228996901
DRUG_5069:FLUTAMIDE	4	2388	90432	31847923	0.9063875653953776	0.0016750418760469012	-2.733288270000139
DRUG_5071:NANDROLONE DECANOATE	2	457	90432	31847923	0.37249435258686453	0.00437636761487965	-1.9300058971708411
DRUG_5073:NORGESTREL	7	572	90432	31847923	0.0014221638122650939	0.012237762237762238	0.9347523876366668
DRUG_5075:OXANDROLONE	1	368	90432	31847923	0.6488094208394436	0.002717391304347826	-2.3779649659630553
DRUG_5077:DROSPIRENONE	2	677	90432	31847923	0.5729367892576256	0.0029542097488921715	-2.2876653829625226
DRUG_5080:ANDROSTANOLONE	1	51	90432	31847923	0.13499529408047567	0.0196078431372549	-0.8378888054040252
DRUG_5084:NANDROLONE	3	836	90432	31847923	0.42357651152202236	0.0035885167464114833	-2.0720168920037083
DRUG_5086:HYDROXYFLUTAMIDE	4	361	90432	31847923	0.020381758337766884	0.0110803324099723	-0.26468885852332447
DRUG_5090:STANOZOLOL	4	405	90432	31847923	0.029381702387321715	0.009876543209876543	-0.473471987262003
DRUG_5098:DIETHYLSTILBESTROL	8	4380	90432	31847923	0.9282151649288987	0.0018264840182648401	-2.706032783039186
DRUG_5099:NORETHINDRONE	5	809	90432	31847923	0.08313292431809469	0.006180469715698393	-1.128751574968985
DRUG_5100:NORGESTIMATE	3	257	90432	31847923	0.03762811721808343	0.011673151750972763	-0.5083243568689493
DRUG_5102:NISOLDIPINE	11	761	90432	31847923	1.604904179882076e-05	0.01445466491458607	2.9545589202391116
DRUG_5105:ACIVICIN	1	362	90432	31847923	0.6427662027914902	0.0027624309392265192	-2.3667616036415198
DRUG_5106:TRICLOSAN	2	2906	90432	31847923	0.9976094646922514	0.0006882312456985547	-3.1612261751014255
DRUG_5109:TRITON X	18	8964	90432	31847923	0.9493635803467677	0.002008032128514056	-2.674661909980049
DRUG_5111:TACROLIMUS	34	13596	90432	31847923	0.7924141656035454	0.0025007355104442485	-2.500884469476397
DRUG_5113:LACTIC ACID	24	21922	90432	31847923	1.0	0.0010947906212936775	-2.96066893170204
DRUG_5114:PAPAVERINE HYDROCHLORIDE	4	187	90432	31847923	0.002122959871590051	0.0213903743315508	1.0032765996276862
DRUG_5122:COLCHICINE	54	10460	90432	31847923	3.8145337552416284e-05	0.0051625239005736135	2.131420612922215
DRUG_5125:FENTANYL	1	13301	90432	31847923	0.9999999902307809	7.518231711901361e-05	-4.12388428921729
DRUG_5130:AZASERINE	2	414	90432	31847923	0.3286093289012801	0.004830917874396135	-1.832650233931611
DRUG_5137:DYDROGESTERONE	5	422	90432	31847923	0.00759734617956913	0.011848341232227487	0.19299563752010673
DRUG_5149:CHLORDANE	1	1037	90432	31847923	0.9475970263465937	0.0009643201542912247	-2.9924024455827696
DRUG_5154:ESTRAMUSTINE	2	833	90432	31847923	0.6843620870802032	0.0024009603841536613	-2.4549009478334733
DRUG_5169:BORTEZOMIB	5	6845	90432	31847923	0.9999736327090171	0.0007304601899196494	-3.1363919968140426
DRUG_5175:TOMATINE	1	139	90432	31847923	0.3264897040439259	0.007194244604316547	-1.6568842904672922
DRUG_5180:NORETHINDRONE ACETATE	4	218	90432	31847923	0.003676153633517496	0.01834862385321101	0.6982098446298932
DRUG_5181:DIDANOSINE	3	1607	90432	31847923	0.8337947861357897	0.001866832607342875	-2.6499537971233162
DRUG_5184:FURAZABOL	1	10	90432	31847923	0.028034859116687544	0.1	0.5523016220159567
DRUG_5185:ERLOTINIB	2	5246	90432	31847923	0.9999946341004043	0.0003812428516965307	-3.418795960203516
DRUG_5188:RESERPINE	9	8089	90432	31847923	0.9997016788512272	0.0011126220793670418	-2.9535227474192376
DRUG_5189:NORDIHYDROGUAIARETIC ACID	11	1563	90432	31847923	0.005970336345078149	0.007037747920665387	0.07143490889127779
DRUG_5192:DIELDRIN	1	2086	90432	31847923	0.9973463051660618	0.00047938638542665386	-3.3181602871850027
DRUG_5198:CANDESARTAN CILEXETIL	8	523	90432	31847923	0.00015299270668564892	0.015296367112810707	1.9999175700631093
DRUG_5199:ETHYNODIOL DIACETATE	2	115	90432	31847923	0.04278751280792399	0.017391304347826087	-0.3909848868363792
DRUG_5207:LANATOSIDE C	1	202	90432	31847923	0.43695488784077857	0.0049504950495049506	-1.945787971238236
DRUG_5212:MITOMYCIN	2	13063	90432	31847923	0.9999998896936169	0.00015310418739952538	-3.8150128832797687
DRUG_5213:2-ACETYLAMINOFLUORENE	1	1894	90432	31847923	0.9954187914680902	0.0005279831045406547	-3.2753858097429966
DRUG_5222:DESOGESTREL	9	785	90432	31847923	0.0005016224931980153	0.011464968152866241	1.3589958502845758
DRUG_5223:ESTRADIOL BENZOATE	5	2539	90432	31847923	0.845665184279442	0.0019692792437967705	-2.632891147754999
DRUG_5225:ESTRADIOL VALERATE	19	830	90432	31847923	8.904205747294002e-12	0.02289156626506024	9.410080321998295
DRUG_5227:METHYLTHIOURACIL	1	454	90432	31847923	0.7249969787663333	0.0022026431718061676	-2.517392049624175
DRUG_5244:CYPROTERONE	7	2097	90432	31847923	0.38636560999165126	0.0033381020505484026	-2.0634988538065233
DRUG_5252:DRONEDARONE	1	523	90432	31847923	0.7739909484426385	0.0019120458891013384	-2.607237570655592
DRUG_5264:MK-2206	2	309	90432	31847923	0.21919648600074862	0.006472491909385114	-1.5297620713345126
DRUG_5292:TANNIC ACID	4	2302	90432	31847923	0.8909862131568093	0.0017376194613379669	-2.7099163119171132
DRUG_5293:HYDROXYPROGESTERONE	5	3140	90432	31847923	0.9423910491949914	0.0015923566878980893	-2.772190796282425
DRUG_5299:RIMONABANT	17	1035	90432	31847923	1.4739209148856684e-08	0.01642512077294686	6.047034390063786
DRUG_5301:ISOTRETINOIN	4	2563	90432	31847923	0.931884632708488	0.0015606710885680843	-2.7760507648933466
DRUG_5304:NICARDIPINE	16	2666	90432	31847923	0.004953006181803648	0.006001500375093774	0.08339096755614994
DRUG_5306:CHOLECALCIFEROL	8	1712	90432	31847923	0.11897846949047097	0.004672897196261682	-1.4058821513175443
DRUG_5310:BENZOFURAN	7	1669	90432	31847923	0.20049825885841754	0.004194128220491312	-1.6794689021924392
DRUG_5324:FLUFENAMIC ACID	1	725	90432	31847923	0.8727478541263608	0.001379310344827586	-2.8012267962345505
DRUG_5330:MONATEPIL	4	20	90432	31847923	3.0369559366856485e-07	0.2	5.818591504895898
DRUG_5336:MYCOPHENOLATE MOFETIL	35	7952	90432	31847923	0.009078141852642507	0.0044014084507042256	-0.31440529166949105
DRUG_5342:TOCOPHEROL ACETATE	12	551	90432	31847923	9.730499803405234e-08	0.021778584392014518	5.349894498984406
DRUG_5348:MEDROXYPROGESTERONE ACETATE	68	4358	90432	31847923	2.8080403841009304e-28	0.015603487838458009	25.744818337445757
DRUG_5352:2,4-DINITROPHENOL	1	1745	90432	31847923	0.9930017717973003	0.0005730659025787965	-3.2387454546960224
DRUG_5357:APOMORPHINE	2	6726	90432	31847923	0.9999998546822236	0.0002973535533749628	-3.5267268042039226
DRUG_5358:EVEROLIMUS	41	5782	90432	31847923	2.2963660099074425e-07	0.007090971982013144	4.489664659433238
DRUG_5359:PAROXETINE	3	4511	90432	31847923	0.999741293551404	0.0006650410108623365	-3.1770392030590293
DRUG_5361:ESTRONE	32	6053	90432	31847923	0.0008721521706895085	0.00528663472658186	0.7825870383680242
DRUG_5367:CALCITRIOL	26	3682	90432	31847923	3.539462250606041e-05	0.007061379684953829	2.299952278990168
DRUG_5384:RHODAMINE	27	11387	90432	31847923	0.8486398270695484	0.002371124967067709	-2.553768966045801
DRUG_5388:ACETALDEHYDE	34	6106	90432	31847923	0.0002526204198570113	0.0055682934818211596	1.3432536644755317
DRUG_5396:PARAOXON	57	1654	90432	31847923	2.0717877747016164e-41	0.034461910519951636	39.2209940844197
DRUG_5407:CARFILZOMIB	1	792	90432	31847923	0.8948225167590089	0.0012626262626262627	-2.850462085468658
DRUG_5413:TROPOLONE	2	404	90432	31847923	0.31827143977646705	0.0049504950495049506	-1.8081490382153351
DRUG_5426:ESTRADIOL DIPROPIONATE	1	127	90432	31847923	0.3031111992280002	0.007874015748031496	-1.5854057037540272
DRUG_5431:FENRETINIDE	1	492	90432	31847923	0.7531636147710421	0.0020325203252032522	-2.56885443391304
DRUG_5434:EFONIDIPINE	4	129	90432	31847923	0.000539494288645239	0.031007751937984496	1.7594834296427522
DRUG_5440:NORETHYNODREL	3	209	90432	31847923	0.022278617638928872	0.014354066985645933	-0.19091327128579616
DRUG_5443:NOCODAZOLE	10	2020	90432	31847923	0.06665100457966189	0.0049504950495049506	-1.1291580690346998
DRUG_5447:CARBONYL CYANIDE M-CHLOROPHENYLHYDRAZONE	1	628	90432	31847923	0.832329842777594	0.0015923566878980893	-2.718255110064586
DRUG_5450:CORTICOSTERONE	30	20067	90432	31847923	0.9999678058601587	0.0014949917775452235	-2.825347213990281
DRUG_5451:FEBUXOSTAT	6	712	90432	31847923	0.017201500675264655	0.008426966292134831	-0.30989508007685185
DRUG_5453:FLUOXETINE	7	9890	90432	31847923	0.9999993253263638	0.0007077856420626896	-3.150097958575786
DRUG_5461:TOLVAPTAN	2	888	90432	31847923	0.7175227380830833	0.0022522522522522522	-2.5032186384022417
DRUG_5472:PACLITAXEL	41	24415	90432	31847923	0.9999082326610321	0.001679295515052222	-2.774833016022712
DRUG_5484:ORTHO-PHTHALALDEHYDE	1	142	90432	31847923	0.33221075112715515	0.007042253521126761	-1.6737020275244539
DRUG_5514:CETYLPYRIDINIUM CHLORIDE	4	913	90432	31847923	0.2622310236229588	0.004381161007667032	-1.7770948564407751
DRUG_5519:METIPRANOLOL	2	157	90432	31847923	0.07401148210511255	0.012738853503184714	-0.764168757936506
DRUG_5523:BROMOCRIPTINE MESYLATE	1	65	90432	31847923	0.16875431061617358	0.015384615384615385	-1.0401682317927783
DRUG_5533:AZELNIDIPINE	16	196	90432	31847923	1.3322446756385395e-18	0.08163265306122448	16.7872799180558
DRUG_5535:LORATADINE	1	807	90432	31847923	0.8992143957045559	0.0012391573729863693	-2.8607367857106314
DRUG_5536:DESOXYCORTICOSTERONE	4	1335	90432	31847923	0.5248495802318345	0.00299625468164794	-2.243456128568034
DRUG_5537:TANSHINONE IIA	29	1029	90432	31847923	1.5530374409959565e-19	0.028182701652089408	17.258800697207107
DRUG_5544:PK-11195	2	393	90432	31847923	0.3068563528909956	0.005089058524173028	-1.7802976736852922
DRUG_5546:MESTRANOL	1	482	90432	31847923	0.7460437846633315	0.002074688796680498	-2.5558113548263526
DRUG_5549:REPAGLINIDE	7	605	90432	31847923	0.0019481466361062785	0.011570247933884297	0.7737210224418605
DRUG_5555:TRENBOLONE ACETATE	1	212	90432	31847923	0.45273985278270507	0.0047169811320754715	-1.9821845862210585
DRUG_5556:ESTRIOL	11	3058	90432	31847923	0.2569523688435553	0.0035971223021582736	-1.853897421717989
DRUG_5561:HALOPERIDOL	2	12270	90432	31847923	1.0	0.00016299918500407498	-3.787814567063023
DRUG_5562:ERGOCALCIFEROL	2	362	90432	31847923	0.27451693070375444	0.0055248618784530384	-1.6962477093910582
DRUG_5565:GESTODENE	12	493	90432	31847923	2.9362623565281237e-08	0.02434077079107505	5.918539469360828
DRUG_5570:RETINOL	89	10289	90432	31847923	4.1642993407048203e-19	0.008650014578676255	16.31747489924104
DRUG_5573:THIMEROSAL	2	850	90432	31847923	0.6949399192266286	0.002352941176470588	-2.4703361894947697
DRUG_5578:CYCLANDELATE	2	125	90432	31847923	0.04966513039470432	0.016	-0.491931597383904
DRUG_5580:CANRENONE	1	224	90432	31847923	0.4710988771100288	0.004464285714285714	-2.02336008740895
DRUG_5584:ZIPRASIDONE	1	1384	90432	31847923	0.9804646917795073	0.000722543352601156	-3.132568048714621
DRUG_5592:PROBENECID	3	2650	90432	31847923	0.980246634436354	0.0011320754716981133	-2.9374599790919866
DRUG_5594:CINNAMALDEHYDE	5	1350	90432	31847923	0.3385902646860188	0.003703703703703704	-1.9610382310626666
DRUG_5597:ALLANTOIN	4	781	90432	31847923	0.18390601152140496	0.005121638924455826	-1.5551869682414834
DRUG_5600:MELOXICAM	5	1833	90432	31847923	0.5949705355800428	0.002727768685215494	-2.3386879195449235
DRUG_5606:ABIRATERONE	1	1808	90432	31847923	0.9941495952305582	0.0005530973451327434	-3.2546501661652574
DRUG_5613:DAUNORUBICIN	1	4160	90432	31847923	0.9999926923793315	0.0002403846153846154	-3.6190901569558145
DRUG_5617:ENDOSULFAN	2	1836	90432	31847923	0.9663502339985403	0.0010893246187363835	-2.9479772373537783
DRUG_5619:FINASTERIDE	1	2205	90432	31847923	0.9981081657231488	0.00045351473922902497	-3.342586202457163
DRUG_5621:ARANIDIPINE	1	13	90432	31847923	0.036291042953071055	0.07692307692307693	0.32625719830619104
DRUG_5626:EFAVIRENZ	13	3712	90432	31847923	0.26197387447853826	0.003502155172413793	-1.8739225984088128
DRUG_5627:TIBOLONE	19	874	90432	31847923	2.1336098490758868e-11	0.021739130434782608	9.008127160860905
DRUG_5628:DIAZEPAM	2	13310	90432	31847923	0.9999999711106721	0.00015026296018031557	-3.823148047264218
DRUG_5630:AMLODIPINE BESYLATE	3	272	90432	31847923	0.04328741050763077	0.011029411764705883	-0.593809256012803
DRUG_5633:DESOXYCORTICOSTERONE ACETATE	2	531	90432	31847923	0.44501464460946527	0.003766478342749529	-2.072438828462307
DRUG_5636:CILNIDIPINE	2	244	90432	31847923	0.1531666087714137	0.00819672131147541	-1.2715239275188244
DRUG_5651:THIOPHENE	2	4039	90432	31847923	0.9998715409518406	0.0004951720722951226	-3.3051880648666296
DRUG_5657:DIMETHYLAMINOETHANOL	1	166	90432	31847923	0.3762637830717438	0.006024096385542169	-1.7956005057512292
DRUG_5661:EMODIN	13	1623	90432	31847923	0.000974816503170812	0.008009858287122612	0.9147019595106469
DRUG_5662:METHYLENE BLUE	10	11244	90432	31847923	0.9999981782379352	0.0008893632159373888	-3.0509200457534704
DRUG_5679:PRAZOSIN	20	6242	90432	31847923	0.3246571476482224	0.0032041012495994873	-2.005718737401939
DRUG_5693:SERTRALINE HYDROCHLORIDE	1	69	90432	31847923	0.17815544540490666	0.014492753623188406	-1.089648192042084
DRUG_5694:MELPHALAN	1	6053	90432	31847923	0.9999999285025956	0.00016520733520568312	-3.7819706428616224
DRUG_5695:EQUILIN	4	131	90432	31847923	0.0005715790226449596	0.030534351145038167	1.72771241417593
DRUG_5696:ERGONOVINE	17	606	90432	31847923	4.699297683332274e-12	0.028052805280528052	9.77594334034956
DRUG_5704:TRIPHENYL PHOSPHATE	1	395	90432	31847923	0.6747634753001723	0.002531645569620253	-2.425748661978498
DRUG_5722:RIFAMPIN	3	5424	90432	31847923	0.9999728641218978	0.0005530973451327434	-3.2571866410173227
DRUG_5727:LEUPROLIDE	3	1526	90432	31847923	0.8071723837047773	0.001965923984272608	-2.6133995735926274
DRUG_5731:BROMOCRIPTINE	4	4845	90432	31847923	0.9994314644283251	0.000825593395252838	-3.082986807981575
DRUG_5736:NILVADIPINE	9	256	90432	31847923	7.212340485894882e-08	0.03515625	5.687926323074497
DRUG_5738:GLYCYRRHIZIN	8	1339	90432	31847923	0.03997870426688477	0.00597460791635549	-0.8255193042928821
DRUG_5743:GUGGULSTERONE	5	196	90432	31847923	0.00026960565718572535	0.025510204081632654	1.9759849321386391
DRUG_5746:LOMITAPIDE	25	152	90432	31847923	4.236344147658778e-36	0.16447368421052633	34.589105187101524
DRUG_5750:IMPLITAPIDE	1	3	90432	31847923	0.008494318267297268	0.3333333333333333	1.5937502160636945
DRUG_5757:FASUDIL	25	927	90432	31847923	1.2749216482230283e-16	0.02696871628910464	14.325376779004603
DRUG_5768:GO-6976	1	106	90432	31847923	0.2602293283288686	0.009433962264150943	-1.4406621060438156
DRUG_5777:SP-600125	1	132	90432	31847923	0.31294930583182196	0.007575757575757576	-1.616047923766379
DRUG_5784:ATENOLOL	59	5019	90432	31847923	5.927515836467661e-19	0.011755329746961547	16.297362093009344
DRUG_5786:VERAPAMIL	86	15381	90432	31847923	9.463085792143623e-09	0.0055913139587803135	5.771481101669579
DRUG_5790:SB-431542	1	178	90432	31847923	0.397188253934587	0.0056179775280898875	-1.8494163989126455
DRUG_5795:APABETALONE	8	24	90432	31847923	2.9840402274566164e-15	0.3333333333333333	14.048074071773048
DRUG_5796:FUROSEMIDE	7	8223	90432	31847923	0.9999788585963643	0.000851270825732701	-3.069923068552908
DRUG_5798:LAMIVUDINE	7	7344	90432	31847923	0.9998645049747273	0.0009531590413943355	-3.0207757794501826
DRUG_5799:GLUCAGON	144	29403	90432	31847923	1.1036618518406118e-09	0.004897459442913988	6.647134816793458
DRUG_5808:RAMATROBAN	1	54	90432	31847923	0.14234290202848987	0.018518518518518517	-0.8857295756212505
DRUG_5848:DORSOMORPHIN	1	233	90432	31847923	0.48446276019541257	0.004291845493562232	-2.0526163202389736
DRUG_5858:LENVATINIB	1	699	90432	31847923	0.8629831835758064	0.001430615164520744	-2.780479508713047
DRUG_5882:FLAVANONE	5	1201	90432	31847923	0.2575631144489848	0.004163197335553705	-1.791456671000526
DRUG_5884:URSOLIC ACID	17	1417	90432	31847923	1.156525841649163e-06	0.011997177134791814	4.015923729951325
DRUG_5902:NELFINAVIR	7	1299	90432	31847923	0.08050828053812478	0.005388760585065435	-1.1743516623218997
DRUG_5906:TRIFLUOPERAZINE	6	2356	90432	31847923	0.6582852237766862	0.0025466893039049238	-2.41243814252596
DRUG_5919:TRICIRIBINE	2	134	90432	31847923	0.05616925959851023	0.014925373134328358	-0.575573501912545
DRUG_5925:LY-294002	10	714	90432	31847923	4.9921317308122145e-05	0.014005602240896359	2.44801575137117
DRUG_5930:DOXORUBICIN	17	35385	90432	31847923	0.9999999242800108	0.0004804295605482549	-3.318370245678228
DRUG_5935:ANDROGRAPHOLIDE	14	867	90432	31847923	3.261793596037959e-07	0.016147635524798153	4.694652462471982
DRUG_5937:MINOXIDIL	2	1474	90432	31847923	0.9213920050517964	0.0013568521031207597	-2.831911927404807
DRUG_5939:PINACIDIL	3	1021	90432	31847923	0.5541332835318683	0.002938295788442703	-2.2755187238294634
DRUG_5944:NATEGLINIDE	7	386	90432	31847923	0.0001400582759265738	0.018134715025906734	2.1122019593264154
DRUG_5946:AMIODARONE	6	7746	90432	31847923	0.9999849838456573	0.000774593338497289	-3.110919720784486
DRUG_5955:DARAPLADIB	35	96	90432	31847923	1.1588224485530964e-63	0.3645833333333333	62.49777991160302
DRUG_5956:EPOETIN BETA	1	344	90432	31847923	0.6240054508830015	0.0029069767441860465	-2.331746825968809
DRUG_5970:IFETROBAN	1	33	90432	31847923	0.08956852979031685	0.030303030303030304	-0.4706693854868693
DRUG_5972:TERUTROBAN	4	37	90432	31847923	3.9832135035192056e-06	0.10810810810810811	4.43362468168639
DRUG_5973:DALTROBAN	3	53	90432	31847923	0.00048225603373025863	0.05660377358490566	2.0695677151080547
DRUG_5974:ONO-3708	1	101	90432	31847923	0.24963637465322425	0.009900990099009901	-1.4016292406912787
DRUG_5976:CYCLOSPORINE	120	24569	90432	31847923	2.8220700393671382e-08	0.004884203671293093	5.238225977668076
DRUG_5977:VINBLASTINE	1	6392	90432	31847923	0.9999999306375962	0.00015644555694618273	-3.8056367361822248
DRUG_5978:PACTIMIBE	6	16	90432	31847923	4.095609238178148e-12	0.375	10.961712753792785
DRUG_5979:CLOPIDOGREL	192	10405	90432	31847923	2.556746116773356e-88	0.018452666987025468	85.85837153914818
DRUG_5980:DABIGATRAN	19	4119	90432	31847923	0.030017545250314047	0.004612770089827628	-0.8134133649923674
DRUG_5983:TRANDOLAPRIL	14	569	90432	31847923	1.8568296942589393e-09	0.02460456942003515	7.122243696580197
DRUG_5987:ROLOFYLLINE	1	42	90432	31847923	0.11257251809657719	0.023809523809523808	-0.6746816711819439
DRUG_5994:GALANGIN	5	372	90432	31847923	0.0045223283757602805	0.013440860215053764	0.47306497026546057
DRUG_6000:REGADENOSON	3	307	90432	31847923	0.05802615024545284	0.009771986970684038	-0.7736408789385039
DRUG_6001:MORIN	13	879	90432	31847923	2.20886507183908e-06	0.01478953356086462	3.8257852893586626
DRUG_6011:ADENOSINE	524	88017	90432	31847923	5.071053636311277e-52	0.00595339536680414	49.06966652105284
DRUG_6018:N6-CYCLOPENTYLADENOSINE	1	502	90432	31847923	0.7600837001033849	0.00199203187250996	-2.5815651363883245
DRUG_6021:NECA	3	793	90432	31847923	0.3912154953708457	0.0037831021437578815	-2.0145679807093604
DRUG_6023:FLAVONE	17	2787	90432	31847923	0.003296108321218027	0.006099748833871547	0.2673104770263439
DRUG_6030:CGS-21680	2	662	90432	31847923	0.560828829844388	0.0030211480362537764	-2.2686583245554868
DRUG_6035:RIFAXIMIN	1	1044	90432	31847923	0.9486298179537481	0.0009578544061302681	-2.995797270225243
DRUG_6036:PHENOBARBITAL	9	11448	90432	31847923	0.9999997358598617	0.0007861635220125787	-3.1044869965977755
DRUG_6037:RITONAVIR	33	5750	90432	31847923	0.0001821422863092229	0.005739130434782609	1.498435311508619
DRUG_6038:SULFINPYRAZONE	4	363	90432	31847923	0.020748044850495844	0.011019283746556474	-0.27482381183352467
DRUG_6043:CHLORPROMAZINE	2	9159	90432	31847923	0.9999998963769394	0.00021836445026749646	-3.660818018351417
DRUG_6045:ARTEMISININ	12	4579	90432	31847923	0.6473460007457997	0.00262065953264905	-2.3927258667878664
DRUG_6046:TERBINAFINE	1	1619	90432	31847923	0.9899862397347763	0.0006176652254478073	-3.2048760069380067
DRUG_6048:MENATETRENONE	3	152	90432	31847923	0.00959415508141581	0.019736842105263157	0.31327093258468297
DRUG_6049:AMOXICILLIN	5	9388	90432	31847923	0.999999891613944	0.0005325948018747337	-3.2736030295190677
DRUG_6050:TOPIRAMATE	2	3690	90432	31847923	0.9996809136350513	0.0005420054200542005	-3.26585777093374
DRUG_6051:ATAZANAVIR	13	1489	90432	31847923	0.0004466870861164935	0.008730691739422432	1.2910452575102158
DRUG_6054:DOXYCYCLINE	23	8956	90432	31847923	0.7122606914116157	0.00256811076373381	-2.443025225840886
DRUG_6055:METFORMIN	211	17853	90432	31847923	1.3301467351279392e-63	0.011818741948131966	60.94867169751062
DRUG_6056:ISRADIPINE	34	918	90432	31847923	2.2199770218054823e-26	0.037037037037037035	24.222287756595207
DRUG_6063:LITHOCHOLIC ACID	7	904	90432	31847923	0.015987980567028083	0.007743362831858407	-0.3148640021759186
DRUG_6065:CEFUROXIME	1	2619	90432	31847923	0.9994170858214713	0.00038182512409316535	-3.4178822682011574
DRUG_6067:CEFACLOR	1	1046	90432	31847923	0.9489211356376066	0.0009560229445506692	-2.9967618044605167
DRUG_6068:DOLUTEGRAVIR	1	1019	90432	31847923	0.944844937852154	0.0009813542688910696	-2.9835347246206743
DRUG_6069:MODAFINIL	1	1340	90432	31847923	0.9778609538941978	0.0007462686567164179	-3.117381903408429
DRUG_6070:BOSENTAN	17	1948	90432	31847923	6.545811919523355e-05	0.008726899383983572	2.124896446245396
DRUG_6071:OMEPRAZOLE	4	6074	90432	31847923	0.9999675887142598	0.0006585446163977609	-3.1814007199836194
DRUG_6077:CYCLOPHOSPHAMIDE	29	37554	90432	31847923	0.9999999590212523	0.0007722213346114928	-3.112258186241139
DRUG_6084:TETRACYCLINE	14	20609	90432	31847923	0.9999999686604426	0.0006793148624387403	-3.1679288699518886
DRUG_6085:NEVIRAPINE	8	3504	90432	31847923	0.775602232628326	0.00228310502283105	-2.5311131610613176
DRUG_6086:ERYTHROMYCIN	4	12549	90432	31847923	1.0	0.0003187504980476532	-3.4965491279723304
DRUG_6087:MINOCYCLINE	5	5168	90432	31847923	0.9989192893542834	0.0009674922600619195	-3.013882900184198
DRUG_6089:ISONIAZID	1	12310	90432	31847923	0.9999999553690326	8.123476848090982e-05	-4.090258033548333
DRUG_6091:LANSOPRAZOLE	1	1885	90432	31847923	0.9953000792364131	0.0005305039787798408	-3.27326539318565
DRUG_6096:AMPICILLIN	3	12382	90432	31847923	0.999999983995166	0.00024228719108383137	-3.6156695380064128
DRUG_6098:MEMANTINE	1	2913	90432	31847923	0.9997472869176355	0.00034328870580157915	-3.4642307188602848
DRUG_6101:K-877	3	24	90432	31847923	4.431026770043108e-05	0.125	3.450405639178908
DRUG_6104:GEMFIBROZIL	106	1514	90432	31847923	4.9653936377456044e-107	0.07001321003963012	105.14922630667027
DRUG_6105:CLOFIBRATE	50	2334	90432	31847923	3.876988263341193e-27	0.021422450728363324	24.742374666340602
DRUG_6111:CIPROFIBRATE	16	390	90432	31847923	6.583488626566052e-14	0.041025641025641026	11.79459928600201
DRUG_6114:PIRINIXIC ACID	1	36	90432	31847923	0.09730203033352708	0.027777777777777776	-0.5444244032499004
DRUG_6115:LINOLEIC ACID	315	12008	90432	31847923	4.026263934024038e-186	0.02623251165889407	183.81393763372526
DRUG_6117:MYRISTIC ACID	11	1098	90432	31847923	0.0003914629524625999	0.010018214936247723	1.4080996777622803
DRUG_6118:PHENPROCOUMON	1	627	90432	31847923	0.8318523827373767	0.001594896331738437	-2.717313805762603
DRUG_6121:OLEIC ACID	129	9995	90432	31847923	1.907594008855639e-43	0.012906453226613306	40.83032096206159
DRUG_6124:OLEOYLETHANOLAMIDE	9	395	90432	31847923	2.642855281111445e-06	0.02278481012658228	3.935572031360495
DRUG_6125:ACIPIMOX	5	262	90432	31847923	0.0009995322993527093	0.019083969465648856	1.2808718803410235
DRUG_6126:NIACIN	216	3537	90432	31847923	2.041262881215803e-203	0.061068702290076333	201.4759197530044
DRUG_6127:ACIFRAN	1	9	90432	31847923	0.025267109720835974	0.1111111111111111	0.6432019243068362
DRUG_6137:PLERIXAFOR	1	576	90432	31847923	0.8056102163265304	0.001736111111111111	-2.6665474484986946
DRUG_6141:NICOTINE	146	30893	90432	31847923	7.625300856731117e-09	0.004725989706405982	5.792235787894985
DRUG_6142:VITAMIN E	595	21891	90432	31847923	0.0	0.027180119683888355	321.439436712208
DRUG_6145:RITUXIMAB	16	18293	90432	31847923	0.9999999384144678	0.0008746515060405619	-3.058164924975562
DRUG_6146:INOSITOL	106	28168	90432	31847923	0.0030536833748269366	0.0037631354728770235	0.09072584854187493
DRUG_6147:RAMIPRIL	61	1946	90432	31847923	7.435877536558045e-42	0.03134635149023638	39.62485477043084
DRUG_6152:AMIFOSTINE	1	1060	90432	31847923	0.9509146924416979	0.0009433962264150943	-3.003447422934445
DRUG_6153:SANDOSTATIN	1	402	90432	31847923	0.6811732797288736	0.0024875621890547263	-2.4374836567116374
DRUG_6155:EPOPROSTENOL	5	862	90432	31847923	0.10164947760218722	0.00580046403712297	-1.2436424125387924
DRUG_6157:BERAPROST	11	424	90432	31847923	5.792686723208977e-08	0.025943396226415096	5.651146786698679
DRUG_6162:CICAPROST	2	172	90432	31847923	0.08648573538817986	0.011627906976744186	-0.871442933817461
DRUG_6164:TAPROSTENE	1	30	90432	31847923	0.08176877609390852	0.03333333333333333	-0.3897087520481428
DRUG_6168:UROKINASE	154	12526	90432	31847923	5.7774295047780395e-49	0.012294427590611529	46.327973658475834
DRUG_6169:DEFIBROTIDE	6	452	90432	31847923	0.0020518599817489908	0.01327433628318584	0.8108650942341056
DRUG_6170:CITALOPRAM	1	3989	90432	31847923	0.9999881018441653	0.000250689395838556	-3.600858868975675
DRUG_6171:CETRORELIX	1	435	90432	31847923	0.7097304030914373	0.0022988505747126436	-2.4895826666812404
DRUG_6174:VASOPRESSIN	35	26715	90432	31847923	0.9999999281013551	0.0013101253977166386	-2.8826871029434633
DRUG_6176:NIMODIPINE	8	3005	90432	31847923	0.6189098348002552	0.0026622296173044926	-2.3663818732604165
DRUG_6177:PREMARIN	4	306	90432	31847923	0.011837889581730258	0.013071895424836602	0.043064280086446916
DRUG_6178:ORLISTAT	14	1156	90432	31847923	8.824059124933982e-06	0.012110726643598616	3.1375017921948496
DRUG_6179:URIDINE	18	11191	90432	31847923	0.9969426967396775	0.0016084353498346886	-2.7922665868570418
DRUG_6181:EPIRUBICIN	1	4493	90432	31847923	0.9999971431176854	0.00022256843979523704	-3.6525351778630286
DRUG_6183:ROXITHROMYCIN	8	1011	90432	31847923	0.009237673513195247	0.00791295746785361	-0.06722377752459341
DRUG_6185:CLARITHROMYCIN	8	6187	90432	31847923	0.9962308505835445	0.0012930337805075157	-2.8867501155618855
