target	target_with_keyphrase_count	target_count	keyphrase_count	db_article_count
DRUG_0:ECALLANTIDE	0	118	12492	31847923
DRUG_1:APROTININ	0	3186	12492	31847923
DRUG_2:PROGESTERONE	49	61572	12492	31847923
DRUG_3:ABARELIX	0	38	12492	31847923
DRUG_4:MIFEPRISTONE	0	2747	12492	31847923
DRUG_5:TAMOXIFEN	13	17918	12492	31847923
DRUG_6:ETOPOSIDE	1	15433	12492	31847923
DRUG_7:ANDROSTENEDIONE	49	6293	12492	31847923
DRUG_8:OCTREOTIDE	1	5975	12492	31847923
DRUG_9:DOCETAXEL	8	12823	12492	31847923
DRUG_10:SELENOMETHIONINE	2	1840	12492	31847923
DRUG_11:VINBLASTINE	0	6392	12492	31847923
DRUG_12:FLUTAMIDE	22	2388	12492	31847923
DRUG_13:TOPSALYSIN	0	0	12492	31847923
DRUG_14:GENISTEIN	9	8550	12492	31847923
DRUG_15:BICALUTAMIDE	3	1122	12492	31847923
DRUG_16:NILUTAMIDE	0	148	12492	31847923
DRUG_17:ESTRAMUSTINE	1	833	12492	31847923
DRUG_18:AVORALSTAT	0	3	12492	31847923
DRUG_19:GANTACURIUM	0	7	12492	31847923
DRUG_20:CP-601927	0	3	12492	31847923
DRUG_21:CARBACHOL	20	9207	12492	31847923
DRUG_22:ROCURONIUM	0	2147	12492	31847923
DRUG_23:HEXAMETHONIUM	0	3289	12492	31847923
DRUG_24:PIPECURONIUM	0	140	12492	31847923
DRUG_25:DOXACURIUM	0	61	12492	31847923
DRUG_26:TUBOCURARINE	0	2321	12492	31847923
DRUG_27:DECAMETHONIUM	0	381	12492	31847923
DRUG_28:CISATRACURIUM	0	516	12492	31847923
DRUG_29:MIVACURIUM	0	573	12492	31847923
DRUG_30:BIPERIDEN	0	284	12492	31847923
DRUG_31:MECAMYLAMINE	0	1981	12492	31847923
DRUG_32:PANCURONIUM	0	1687	12492	31847923
DRUG_33:NICOTINE	1	30893	12492	31847923
DRUG_34:ATRACURIUM	0	1502	12492	31847923
DRUG_35:VECURONIUM	0	2260	12492	31847923
DRUG_36:METOCURINE	0	91	12492	31847923
DRUG_37:LEVALLORPHAN	0	181	12492	31847923
DRUG_38:CYTISINICLINE	0	0	12492	31847923
DRUG_39:BROMOCRIPTINE	1	4845	12492	31847923
DRUG_40:HALOPERIDOL	0	12270	12492	31847923
DRUG_41:ROSIGLITAZONE	2	4989	12492	31847923
DRUG_42:ETHER	14	31705	12492	31847923
DRUG_43:K-252A	0	276	12492	31847923
DRUG_44:BORTEZOMIB	0	6845	12492	31847923
DRUG_45:CETRAXATE	0	53	12492	31847923
DRUG_46:OMECAMTIV MECARBIL	0	75	12492	31847923
DRUG_47:TIGAPOTIDE	0	0	12492	31847923
DRUG_48:VOLANESORSEN SODIUM	0	1	12492	31847923
DRUG_49:ADRIAMYCIN	2	11888	12492	31847923
DRUG_50:CAPROMAB	0	78	12492	31847923
DRUG_51:SURAMIN	1	2897	12492	31847923
DRUG_52:TECHNETIUM TC-99M TROFOLASTAT CHLORIDE	0	0	12492	31847923
DRUG_53:MDX-070	0	0	12492	31847923
DRUG_54:MIPSAGARGIN	0	6	12492	31847923
DRUG_55:METHOTREXATE	1	33448	12492	31847923
DRUG_56:MLN-591RL	0	0	12492	31847923
DRUG_57:MLN-2704	0	0	12492	31847923
DRUG_58:MERCAPTOPURINE	0	3579	12492	31847923
DRUG_59:ANDROSTANOLONE	0	51	12492	31847923
DRUG_60:MENTHOL	0	2104	12492	31847923
DRUG_61:CANNABIDIOL	0	2412	12492	31847923
DRUG_62:PF-05105679	0	2	12492	31847923
DRUG_63:ELISMETREP	0	0	12492	31847923
DRUG_64:D-3263	0	0	12492	31847923
DRUG_65:ANANDAMIDE	1	3297	12492	31847923
DRUG_66:5-BENZYLOXYTRYPTAMINE	0	9	12492	31847923
DRUG_67:CLOTRIMAZOLE	0	1640	12492	31847923
DRUG_68:METHIONINE	6	32742	12492	31847923
DRUG_69:ILOMASTAT	0	92	12492	31847923
DRUG_70:PILOCARPINE HYDROCHLORIDE	0	156	12492	31847923
DRUG_71:SUXAMETHONIUM	0	1110	12492	31847923
DRUG_72:BENZQUINAMIDE	0	60	12492	31847923
DRUG_73:LEVOMEPROMAZINE	0	334	12492	31847923
DRUG_74:FESOTERODINE	8	236	12492	31847923
DRUG_75:PROPANTHELINE	0	257	12492	31847923
DRUG_76:CYCLOPENTOLATE	0	315	12492	31847923
DRUG_77:ATROPINE SULFATE	2	727	12492	31847923
DRUG_78:TRIFLUPROMAZINE	0	154	12492	31847923
DRUG_79:CEVIMELINE	0	93	12492	31847923
DRUG_80:PROPIOMAZINE	0	64	12492	31847923
DRUG_81:ACECLIDINE	0	66	12492	31847923
DRUG_82:IPRATROPIUM	3	1519	12492	31847923
DRUG_83:TRIHEXYPHENIDYL	0	378	12492	31847923
DRUG_84:BIPERIDEN LACTATE	0	2	12492	31847923
DRUG_85:N-DESMETHYLCLOZAPINE	0	122	12492	31847923
DRUG_86:GLYCOPYRROLATE	0	758	12492	31847923
DRUG_87:BIPERIDEN HYDROCHLORIDE	0	9	12492	31847923
DRUG_88:ATROPINE	7	17670	12492	31847923
DRUG_89:METOCLOPRAMIDE	1	4089	12492	31847923
DRUG_90:PILOCARPINE	0	5315	12492	31847923
DRUG_91:FLAVOXATE	2	115	12492	31847923
DRUG_92:SCOPOLAMINE	2	5308	12492	31847923
DRUG_93:METHANTHELINE	0	57	12492	31847923
DRUG_94:HEXOCYCLIUM METHYLSULFATE	0	4	12492	31847923
DRUG_95:CLIDINIUM BROMIDE	0	16	12492	31847923
DRUG_96:STAUROSPORINE	1	6604	12492	31847923
DRUG_97:AMITRIPTYLINE	0	4800	12492	31847923
DRUG_98:PROMETHAZINE	1	1426	12492	31847923
DRUG_99:ALCURONIUM	0	190	12492	31847923
DRUG_100:THIETHYLPERAZINE	0	112	12492	31847923
DRUG_101:SOLIFENACIN	33	622	12492	31847923
DRUG_102:CLIDINIUM	0	25	12492	31847923
DRUG_103:DESIPRAMINE	1	3863	12492	31847923
DRUG_104:TOLTERODINE	39	796	12492	31847923
DRUG_105:CYCRIMINE	0	9	12492	31847923
DRUG_106:DICYCLOMINE	0	172	12492	31847923
DRUG_107:METHIXENE	0	15	12492	31847923
DRUG_108:ACETYLCHOLINE	19	59480	12492	31847923
DRUG_109:BUCLIZINE	0	39	12492	31847923
DRUG_110:OTENZEPAD	0	6	12492	31847923
DRUG_111:ARECOLINE	0	797	12492	31847923
DRUG_112:4-DAMP	1	526	12492	31847923
DRUG_113:BETHANECHOL	8	966	12492	31847923
DRUG_114:DIPHENIDOL	0	64	12492	31847923
DRUG_115:NGX-267	0	0	12492	31847923
DRUG_116:MILAMELINE	0	9	12492	31847923
DRUG_117:HIMBACINE	0	100	12492	31847923
DRUG_118:OXYPHENONIUM	0	63	12492	31847923
DRUG_119:MEPENZOLATE BROMIDE	0	11	12492	31847923
DRUG_120:CLOZAPINE	0	9213	12492	31847923
DRUG_121:METHOCTRAMINE	1	474	12492	31847923
DRUG_122:DOXEPIN	0	867	12492	31847923
DRUG_123:METHSCOPOLAMINE BROMIDE	0	20	12492	31847923
DRUG_124:CARBINOXAMINE	0	37	12492	31847923
DRUG_125:PROCYCLIDINE	0	98	12492	31847923
DRUG_126:TIOTROPIUM	5	1421	12492	31847923
DRUG_127:ACLIDINIUM	0	182	12492	31847923
DRUG_128:METHSCOPOLAMINE	0	69	12492	31847923
DRUG_129:DIPHEMANIL METHYLSULFATE	0	19	12492	31847923
DRUG_130:UMECLIDINIUM	0	198	12492	31847923
DRUG_131:TROSPIUM	5	238	12492	31847923
DRUG_132:ANISOTROPINE METHYLBROMIDE	0	18	12492	31847923
DRUG_133:ETHOPROPAZINE	0	85	12492	31847923
DRUG_134:OXYPHENCYCLIMINE	0	31	12492	31847923
DRUG_135:FURTRETHONIUM	0	9	12492	31847923
DRUG_136:OXYBUTYNIN	14	1022	12492	31847923
DRUG_137:INDACATEROL	0	401	12492	31847923
DRUG_138:AFACIFENACIN	0	1	12492	31847923
DRUG_139:DARIFENACIN	1	227	12492	31847923
DRUG_140:PROMAZINE	0	559	12492	31847923
DRUG_141:DICYCLOMINE HYDROCHLORIDE	0	39	12492	31847923
DRUG_142:BENZTROPINE	0	405	12492	31847923
DRUG_143:TRIHEXYPHENIDYL HYDROCHLORIDE	0	17	12492	31847923
DRUG_144:OXYPHENONIUM BROMIDE	0	29	12492	31847923
DRUG_145:CYCRIMINE HYDROCHLORIDE	0	2	12492	31847923
DRUG_146:ETHOPROPAZINE HYDROCHLORIDE	0	4	12492	31847923
DRUG_147:PIPERTRAMINE AMIDE	0	0	12492	31847923
DRUG_148:OXOTREMORINE	0	1433	12492	31847923
DRUG_149:VINBURNINE	0	17	12492	31847923
DRUG_150:ISOPROPAMIDE IODIDE	0	22	12492	31847923
DRUG_151:PROPANTHELINE BROMIDE	0	104	12492	31847923
DRUG_152:METHIXENE HYDROCHLORIDE	0	8	12492	31847923
DRUG_153:ASM-024	0	4	12492	31847923
DRUG_154:SABCOMELINE	0	8	12492	31847923
DRUG_155:TRIPITRAMINE	0	17	12492	31847923
DRUG_156:NEBRACETAM	0	14	12492	31847923
DRUG_157:DIPHENIDOL HYDROCHLORIDE	0	3	12492	31847923
DRUG_158:GLYCOPYRRONIUM	0	359	12492	31847923
DRUG_159:BRUCINE	0	283	12492	31847923
DRUG_160:CHEMBL523685	0	0	12492	31847923
DRUG_161:PIPERTRAMINE	0	0	12492	31847923
DRUG_162:OLANZAPINE	1	6601	12492	31847923
DRUG_163:DAROTROPIUM BROMIDE	0	0	12492	31847923
DRUG_164:PIRENZEPINE	1	1958	12492	31847923
DRUG_165:CHEMBL1242950	0	0	12492	31847923
DRUG_166:REVEFENACIN	0	28	12492	31847923
DRUG_167:TRIDIHEXETHYL	0	9	12492	31847923
DRUG_168:VINCAMINE	0	268	12492	31847923
DRUG_169:XANOMELINE	0	101	12492	31847923
DRUG_170:MK-7622	0	2	12492	31847923
DRUG_171:CEVIMELINE HYDROCHLORIDE	0	14	12492	31847923
DRUG_172:PROCYCLIDINE HYDROCHLORIDE	0	11	12492	31847923
DRUG_173:BENZTROPINE MESYLATE	0	34	12492	31847923
DRUG_174:DOTHIEPIN	0	195	12492	31847923
DRUG_175:TRIDIHEXETHYL CHLORIDE	0	5	12492	31847923
DRUG_176:OXYPHENCYCLIMINE HYDROCHLORIDE	0	11	12492	31847923
DRUG_177:STRYCHNINE	0	3374	12492	31847923
DRUG_178:METHYLPHENIDATE	1	6103	12492	31847923
DRUG_179:APIGENIN	1	2403	12492	31847923
DRUG_180:LAPACHONE	0	420	12492	31847923
DRUG_181:APOMORPHINE HYDROCHLORIDE HEMIHYDRATE	0	0	12492	31847923
DRUG_182:OXOPURPUREINE	0	0	12492	31847923
DRUG_183:CHEMBL122701	0	0	12492	31847923
DRUG_184:CHEMBL586000	0	0	12492	31847923
DRUG_185:PHENAZOPYRIDINE HYDROCHLORIDE	0	38	12492	31847923
DRUG_186:CHEMBL1451216	0	0	12492	31847923
DRUG_187:CHEMBL146710	0	0	12492	31847923
DRUG_188:CALCIMYCIN	0	148	12492	31847923
DRUG_189:CHEMBL77387	0	0	12492	31847923
DRUG_190:GENTIAN VIOLET	0	393	12492	31847923
DRUG_191:ARISTOLOCHIC ACID	0	1017	12492	31847923
DRUG_192:CHEMBL67535	0	0	12492	31847923
DRUG_193:TANSHINONE I	0	198	12492	31847923
DRUG_194:CHEMBL196814	0	0	12492	31847923
DRUG_195:4-METHOXYDALBERGIONE	0	8	12492	31847923
DRUG_196:CHEMBL1567571	0	0	12492	31847923
DRUG_197:ISOBOLDINE	0	8	12492	31847923
DRUG_198:CHEMBL323356	0	0	12492	31847923
DRUG_199:METHYL 7-DESHYDROXYPYROGALLIN-4-CARBOXYLATE	0	0	12492	31847923
DRUG_200:CHEMBL1257092	0	0	12492	31847923
DRUG_201:TYRPHOSTIN 25	0	65	12492	31847923
DRUG_202:ATHRAQUINONES A	0	0	12492	31847923
DRUG_203:FELODIPINE	0	1278	12492	31847923
DRUG_204:CHEMBL1503190	0	0	12492	31847923
DRUG_205:CHEMBL548017	0	0	12492	31847923
DRUG_206:CHEMBL166486	0	0	12492	31847923
DRUG_207:L-755507	0	0	12492	31847923
DRUG_208:SARCOLYSIN	0	144	12492	31847923
DRUG_209:STAUROSPORINE AGLYCON	0	4	12492	31847923
DRUG_210:DAMNACANTHAL	0	57	12492	31847923
DRUG_211:CHEMBL399530	0	0	12492	31847923
DRUG_212:CHEMBL585654	0	0	12492	31847923
DRUG_213:CHEMBL587620	0	0	12492	31847923
DRUG_214:KAEMPFEROL	3	2759	12492	31847923
DRUG_215:CHEMBL1466186	0	0	12492	31847923
DRUG_216:GOSSYPOL	3	1548	12492	31847923
DRUG_217:PITTSBURGH COMPOUND B	0	810	12492	31847923
DRUG_218:CYSTAMINE DIHYDROCHLORIDE	0	33	12492	31847923
DRUG_219:PHENOTHIAZINE	0	3585	12492	31847923
DRUG_220:DIAMIDE	0	1455	12492	31847923
DRUG_221:CHEMBL1397308	0	0	12492	31847923
DRUG_222:SANGUINARINE SULFATE	0	3	12492	31847923
DRUG_223:CHEMBL601140	0	0	12492	31847923
DRUG_224:CHEMBL606166	0	0	12492	31847923
DRUG_225:CHEMBL312487	0	0	12492	31847923
DRUG_226:CHEMBL1989853	0	0	12492	31847923
DRUG_227:RESVERATROL	6	11337	12492	31847923
DRUG_228:ERGOCRISTINE	0	41	12492	31847923
DRUG_229:CHEMBL337173	0	0	12492	31847923
DRUG_230:CAFFEIC ACID PHENETHYL ESTER	1	876	12492	31847923
DRUG_231:CHEMBL582473	0	0	12492	31847923
DRUG_232:CHEMBL483847	0	0	12492	31847923
DRUG_233:DANTROLENE	1	1789	12492	31847923
DRUG_234:ALLOXAN	0	5562	12492	31847923
DRUG_235:ETHACRIDINE LACTATE	0	62	12492	31847923
DRUG_236:NIFUROXAZIDE	0	93	12492	31847923
DRUG_237:CHEMBL1546228	0	0	12492	31847923
DRUG_238:CHEMBL175266	0	0	12492	31847923
DRUG_239:BENSERAZIDE HYDROCHLORIDE	0	12	12492	31847923
DRUG_240:DAUNORUBICIN HYDROCHLORIDE	0	29	12492	31847923
DRUG_241:CHEMBL1306524	0	0	12492	31847923
DRUG_242:9,10-PHENANTHRENEQUINONE	0	134	12492	31847923
DRUG_243:CHEMBL2181040	0	0	12492	31847923
DRUG_244:GALLIC ACID	3	4262	12492	31847923
DRUG_245:GUTHION	0	42	12492	31847923
DRUG_246:NIGULDIPINE	0	63	12492	31847923
DRUG_247:AGROCLAVINE	0	42	12492	31847923
DRUG_248:ISOGINKGETIN	0	22	12492	31847923
DRUG_249:ROSMARINIC ACID	0	1275	12492	31847923
DRUG_250:PROPYLENE GLYCOL MONOSTEARATE	0	3	12492	31847923
DRUG_251:CHEMBL126804	0	0	12492	31847923
DRUG_252:CHEMBL297304	0	0	12492	31847923
DRUG_253:DOXORUBICIN HYDROCHLORIDE	0	781	12492	31847923
DRUG_254:CHEMBL578905	0	0	12492	31847923
DRUG_255:ZAPA	0	54	12492	31847923
DRUG_256:CHEMBL582286	0	0	12492	31847923
DRUG_257:LANSOPRAZOLE	0	1885	12492	31847923
DRUG_258:CHEMBL99408	0	0	12492	31847923
DRUG_259:TANSHINONE IIA	1	1029	12492	31847923
DRUG_260:CHEMBL2181039	0	0	12492	31847923
DRUG_261:BILIRUBIN	4	26376	12492	31847923
DRUG_262:QUERCETIN	7	11965	12492	31847923
DRUG_263:CHEMBL601367	0	0	12492	31847923
DRUG_264:BAICALEIN	2	1483	12492	31847923
DRUG_265:CHEMBL1334465	0	0	12492	31847923
DRUG_266:CHEMBL586031	0	0	12492	31847923
DRUG_267:MITOXANTRONE HYDROCHLORIDE	0	31	12492	31847923
DRUG_268:ZAGOTENEMAB	0	1	12492	31847923
DRUG_269:CHEMBL1814509	0	0	12492	31847923
DRUG_270:OXYTETRACYCLINE	0	3463	12492	31847923
DRUG_271:DOCONEXENT	0	0	12492	31847923
DRUG_272:CHEMBL515252	0	0	12492	31847923
DRUG_273:OXOGLAUCINE	0	19	12492	31847923
DRUG_274:CHEMBL606167	0	0	12492	31847923
DRUG_275:RHEIN	0	766	12492	31847923
DRUG_276:CHEMBL1609016	0	0	12492	31847923
DRUG_277:1,2-NAPHTHOQUINONE	0	235	12492	31847923
DRUG_278:3-METHYLCHOLANTHRENE	0	3306	12492	31847923
DRUG_279:2,6-DIMETHOXYQUINONE	0	1	12492	31847923
DRUG_280:OSAJIN	0	24	12492	31847923
DRUG_281:ROTTLERIN	0	916	12492	31847923
DRUG_282:METHYLENE BLUE	0	11244	12492	31847923
DRUG_283:DERRUBONE	0	4	12492	31847923
DRUG_284:CHEMBL527584	0	0	12492	31847923
DRUG_285:CHEMBL244707	0	0	12492	31847923
DRUG_286:CHEMBL1224755	0	0	12492	31847923
DRUG_287:CHEMBL601952	0	0	12492	31847923
DRUG_288:CHEMBL528807	0	0	12492	31847923
DRUG_289:SULFURETIN	0	48	12492	31847923
DRUG_290:CHEMBL1335833	0	0	12492	31847923
DRUG_291:INAMRINONE	0	0	12492	31847923
DRUG_292:CHEMBL538542	0	0	12492	31847923
DRUG_293:CHEMBL578294	0	0	12492	31847923
DRUG_294:DEXKETOPROFEN	0	265	12492	31847923
DRUG_295:STREPTONIGRIN	0	259	12492	31847923
DRUG_296:OBTUSAQUINONE	0	3	12492	31847923
DRUG_297:CHEMBL1412489	0	0	12492	31847923
DRUG_298:TRANSPLATIN	0	126	12492	31847923
DRUG_299:CHEMBL528181	0	0	12492	31847923
DRUG_300:CHEMBL600734	0	0	12492	31847923
DRUG_301:LAPACHOL	0	145	12492	31847923
DRUG_302:CHEMBL1601846	0	0	12492	31847923
DRUG_303:TOLONIUM CHLORIDE	0	22	12492	31847923
DRUG_304:CHEMBL24983	0	0	12492	31847923
DRUG_305:CHEMBL579837	0	0	12492	31847923
DRUG_306:HAEMATOXYLIN	8	2853	12492	31847923
DRUG_307:GOSSYPETIN	0	28	12492	31847923
DRUG_308:DIMETHYL GAMBOGATE	0	0	12492	31847923
DRUG_309:CHEMBL586078	0	0	12492	31847923
DRUG_310:THIOLUTIN	0	32	12492	31847923
DRUG_311:CHEMBL592124	0	0	12492	31847923
DRUG_312:NORDEFRIN	0	2	12492	31847923
DRUG_313:CHEMBL1569494	0	0	12492	31847923
DRUG_314:CHEMBL1390716	0	0	12492	31847923
DRUG_315:KOPARIN	0	0	12492	31847923
DRUG_316:CHEMBL313737	0	0	12492	31847923
DRUG_317:DIHYDROERGOTAMINE	0	1095	12492	31847923
DRUG_318:NIFEDIPINE	9	13558	12492	31847923
DRUG_319:CHEMBL579105	0	0	12492	31847923
DRUG_320:ARACHIDONIC ACID	11	28228	12492	31847923
DRUG_321:CURCUMIN	8	13503	12492	31847923
DRUG_322:NBQX	0	864	12492	31847923
DRUG_323:RACEPINEPHRINE	0	3	12492	31847923
DRUG_324:CHEMBL222556	0	0	12492	31847923
DRUG_325:CATECHIN	2	4520	12492	31847923
DRUG_326:CHEMBL584442	0	0	12492	31847923
DRUG_327:AMENTOFLAVONE	0	213	12492	31847923
DRUG_328:SEMAXANIB	0	34	12492	31847923
DRUG_329:CHEMBL585591	0	0	12492	31847923
DRUG_330:PHOSMET	0	118	12492	31847923
DRUG_331:CHEMBL602969	0	0	12492	31847923
DRUG_332:PATULIN	0	798	12492	31847923
DRUG_333:BROMOENOL LACTONE	0	265	12492	31847923
DRUG_334:PYRANTEL PAMOATE	0	228	12492	31847923
DRUG_335:CHEMBL17201	0	0	12492	31847923
DRUG_336:CHEMBL600747	0	0	12492	31847923
DRUG_337:EPALRESTAT	0	165	12492	31847923
DRUG_338:LINOLENIC ACID	3	6290	12492	31847923
DRUG_339:CHEMBL533293	0	0	12492	31847923
DRUG_340:CHEMBL585656	0	0	12492	31847923
DRUG_341:GW282974X	0	0	12492	31847923
DRUG_342:CEAROIN	0	3	12492	31847923
DRUG_343:CHEMBL580071	0	0	12492	31847923
DRUG_344:CARBONYL CYANIDE M-CHLOROPHENYLHYDRAZONE	0	628	12492	31847923
DRUG_345:ALTENUSIN	0	19	12492	31847923
DRUG_346:SAPPANONE A DIMETHYL ETHER	0	0	12492	31847923
DRUG_347:CHEMBL1465049	0	0	12492	31847923
DRUG_348:LAVENDUSTIN A	0	219	12492	31847923
DRUG_349:5-NITRO-2-PHENYLPROPYLAMINOBENZOIC ACID [NPPB]	0	0	12492	31847923
DRUG_350:CHEMBL211670	0	0	12492	31847923
DRUG_351:PYRROLIDINE DITHIOCARBAMIC ACID, AMMONIUM SALT	0	0	12492	31847923
DRUG_352:RESERPINE	0	8089	12492	31847923
DRUG_353:PD-169316	0	24	12492	31847923
DRUG_354:CHEMBL252417	0	0	12492	31847923
DRUG_355:STICTIC ACID	0	9	12492	31847923
DRUG_356:CHEMBL59150	0	0	12492	31847923
DRUG_357:CHEMBL597035	0	0	12492	31847923
DRUG_358:METHYLTHIONINIUM CHLORIDE	0	29	12492	31847923
DRUG_359:CHLORANIL	0	199	12492	31847923
DRUG_360:ERGOCRYPTINE	0	284	12492	31847923
DRUG_361:EMBELIN	0	236	12492	31847923
DRUG_362:CISPLATIN	6	48109	12492	31847923
DRUG_363:TYRPHOSTIN 23	0	73	12492	31847923
DRUG_364:CHOLECALCIFEROL	1	1712	12492	31847923
DRUG_365:CHEMBL343002	0	0	12492	31847923
DRUG_366:GW441756X	0	0	12492	31847923
DRUG_367:CHEMBL581044	0	0	12492	31847923
DRUG_368:CHEMBL601353	0	0	12492	31847923
DRUG_369:3,4-DIDESMETHYL-5-DESHYDROXY-3'-ETHOXYSCLEROIN	0	0	12492	31847923
DRUG_370:CHEMBL531322	0	0	12492	31847923
DRUG_371:HARMALOL	0	44	12492	31847923
DRUG_372:XANTHOANGELOL	0	44	12492	31847923
DRUG_373:PIPLARTINE	0	51	12492	31847923
DRUG_374:CHEMBL242171	0	0	12492	31847923
DRUG_375:COUMESTROL	0	372	12492	31847923
DRUG_376:CHEMBL72365	0	0	12492	31847923
DRUG_377:CHEMBL601385	0	0	12492	31847923
DRUG_378:2-BENZOYL-5-METHOXYBENZOQUINONE	0	0	12492	31847923
DRUG_379:PICEATANNOL	0	541	12492	31847923
DRUG_380:CHEMBL533965	0	0	12492	31847923
DRUG_381:HELENALIN	0	170	12492	31847923
DRUG_382:CHEMBL595227	0	0	12492	31847923
DRUG_383:CHEMBL586061	0	0	12492	31847923
DRUG_384:CHEMBL1984884	0	0	12492	31847923
DRUG_385:CHEMBL493863	0	0	12492	31847923
DRUG_386:CHEMBL1426508	0	0	12492	31847923
DRUG_387:DEHYDROVARIABILIN	0	0	12492	31847923
DRUG_388:GF-109203	0	14	12492	31847923
DRUG_389:TRIMETREXATE	0	371	12492	31847923
DRUG_390:CHEMBL538104	0	0	12492	31847923
DRUG_391:CHEMBL578890	0	0	12492	31847923
DRUG_392:AURINTRICARBOXYLIC ACID	0	378	12492	31847923
DRUG_393:FUMARPROTOCETRARIC ACID	0	9	12492	31847923
DRUG_394:Z-PRO-PROLINAL	0	28	12492	31847923
DRUG_395:CHEMBL1518572	0	0	12492	31847923
DRUG_396:SU-9516	0	0	12492	31847923
DRUG_397:RHAMNETIN	0	66	12492	31847923
DRUG_398:DANTROLENE SODIUM	0	377	12492	31847923
DRUG_399:GARCINONE E	0	8	12492	31847923
DRUG_400:CHEMBL339587	0	0	12492	31847923
DRUG_401:CHEMBL184074	0	0	12492	31847923
DRUG_402:DITHIAZANINE IODIDE	0	34	12492	31847923
DRUG_403:MORIN	0	879	12492	31847923
DRUG_404:SAPPANONE A TRIMETHYL ETHER	0	0	12492	31847923
DRUG_405:CHEMBL274921	0	0	12492	31847923
DRUG_406:CHEMBL322970	0	0	12492	31847923
DRUG_407:CIS-RESVERATROL	0	59	12492	31847923
DRUG_408:CHEMBL1498652	0	0	12492	31847923
DRUG_409:TYRPHOSTIN 47	0	48	12492	31847923
DRUG_410:WORTMANNIN	0	6243	12492	31847923
DRUG_411:SANGUINARIUM	0	8	12492	31847923
DRUG_412:CHEMBL2094456	0	0	12492	31847923
DRUG_413:OMEPRAZOLE	1	6074	12492	31847923
DRUG_414:CHEMBL2002487	0	0	12492	31847923
DRUG_415:HOMIDIUM BROMIDE	0	20	12492	31847923
DRUG_416:U-0126	0	208	12492	31847923
DRUG_417:TRICETIN	0	41	12492	31847923
DRUG_418:CHEMBL429095	0	0	12492	31847923
DRUG_419:CHEMBL1519374	0	0	12492	31847923
DRUG_420:4,4'-DIMETHOXYDALBERGIONE	0	0	12492	31847923
DRUG_421:AROMATICIN	0	0	12492	31847923
DRUG_422:HYDROXYZINE PAMOATE	0	18	12492	31847923
DRUG_423:ARUNDINE	0	0	12492	31847923
DRUG_424:CHEMBL590691	0	0	12492	31847923
DRUG_425:CHEMBL19954	0	0	12492	31847923
DRUG_426:BISINDOLYLMALEIMIDE IX	0	16	12492	31847923
DRUG_427:CHEMBL1079460	0	0	12492	31847923
DRUG_428:CHEMBL525103	0	0	12492	31847923
DRUG_429:DAUNORUBICIN	0	4160	12492	31847923
DRUG_430:MANGOSTIN	0	387	12492	31847923
DRUG_431:IRIGENOL	0	0	12492	31847923
DRUG_432:HOMIDIUM	0	44	12492	31847923
DRUG_433:EPIGALOCATECHIN GALLATE	0	2	12492	31847923
DRUG_434:ERBSTATIN	0	174	12492	31847923
DRUG_435:CHEMBL590186	0	0	12492	31847923
DRUG_436:CHEMBL600738	0	0	12492	31847923
DRUG_437:AMSACRINE HYDROCHLORIDE	0	2	12492	31847923
DRUG_438:PURPUROGALLIN	0	59	12492	31847923
DRUG_439:HYPERICIN	0	960	12492	31847923
DRUG_440:CHEMBL310934	0	0	12492	31847923
DRUG_441:CHEMBL578504	0	0	12492	31847923
DRUG_442:CARBOPLATIN	0	11721	12492	31847923
DRUG_443:TRIBROMSALAN	0	7	12492	31847923
DRUG_444:CHEMBL580183	0	0	12492	31847923
DRUG_445:INDIRUBIN-3-MONOXIME	0	64	12492	31847923
DRUG_446:FENRETINIDE	0	492	12492	31847923
DRUG_447:CHELERYTHRINE	0	1980	12492	31847923
DRUG_448:CHEMBL2095095	0	0	12492	31847923
DRUG_449:RABEPRAZOLE	0	996	12492	31847923
DRUG_450:CYSTAMINE HYDROCHLORIDE	0	8	12492	31847923
DRUG_451:ISOLIQUIRITIGENIN	0	465	12492	31847923
DRUG_452:BERBERINE CHLORIDE	0	122	12492	31847923
DRUG_453:POMIFERIN	0	23	12492	31847923
DRUG_454:DAPH	0	32	12492	31847923
DRUG_455:CHEMBL576409	0	0	12492	31847923
DRUG_456:CHEMBL546576	0	0	12492	31847923
DRUG_457:CHEMBL462861	0	0	12492	31847923
DRUG_458:CHEMBL578512	0	0	12492	31847923
DRUG_459:CHEMBL457504	0	0	12492	31847923
DRUG_460:SANGUINARIUM CHLORIDE	0	2	12492	31847923
DRUG_461:CHEMBL1372046	0	0	12492	31847923
DRUG_462:IRIGINOL HEXAACEATATE	0	0	12492	31847923
DRUG_463:CHEMBL68534	0	0	12492	31847923
DRUG_464:CHEMBL546597	0	0	12492	31847923
DRUG_465:CHEMBL35482	0	0	12492	31847923
DRUG_466:CHEMBL1939691	0	0	12492	31847923
DRUG_467:CHEMBL536375	0	0	12492	31847923
DRUG_468:EPINEPHRINE	12	22020	12492	31847923
DRUG_469:IDARUBICIN	0	1464	12492	31847923
DRUG_470:CHEMBL403741	0	0	12492	31847923
DRUG_471:CHEMBL505670	0	0	12492	31847923
DRUG_472:CRYPTOTANSHINONE	0	405	12492	31847923
DRUG_473:JUGLONE	0	346	12492	31847923
DRUG_474:O-DEMETHYLATED ADAPALENE	0	0	12492	31847923
DRUG_475:CHEMBL139935	0	0	12492	31847923
DRUG_476:EMODIN	0	1623	12492	31847923
DRUG_477:MENADIONE	0	1988	12492	31847923
DRUG_478:CHEMBL580155	0	0	12492	31847923
DRUG_479:CHLOROTHALONIL	0	453	12492	31847923
DRUG_480:OLEOYL DOPAMINE	0	17	12492	31847923
DRUG_481:CHEMBL428789	0	0	12492	31847923
DRUG_482:INDIGOTINDISULFONATE	0	2	12492	31847923
DRUG_483:EPINEPHRINE BITARTRATE	0	21	12492	31847923
DRUG_484:SHIKONIN	0	627	12492	31847923
DRUG_485:CHEMBL607309	0	0	12492	31847923
DRUG_486:R-N-PROPYLNORAPOMORPHINE	0	3	12492	31847923
DRUG_487:CHEMBL1367933	0	0	12492	31847923
DRUG_488:NICLOSAMIDE	0	522	12492	31847923
DRUG_489:HEMATOXYLIN	42	18306	12492	31847923
DRUG_490:CHEMBL1510164	0	0	12492	31847923
DRUG_491:CHEMBL591628	0	0	12492	31847923
DRUG_492:OXITRIPTAN	0	4	12492	31847923
DRUG_493:ANGUSTIBALIN	0	0	12492	31847923
DRUG_494:RATANIAPHENOL II	0	0	12492	31847923
DRUG_495:CHEMBL2094422	0	0	12492	31847923
DRUG_496:(S)APOMORPHINE	0	12	12492	31847923
DRUG_497:DALBERGIONE, 4-METHOXY-4'-HYDROXY-	0	0	12492	31847923
DRUG_498:LUTEOLIN	3	2524	12492	31847923
DRUG_499:CHEMBL56731	0	0	12492	31847923
DRUG_500:CHEMBL1320453	0	0	12492	31847923
DRUG_501:TRICLABENDAZOLE	0	386	12492	31847923
DRUG_502:BISANHYDRORUTILANTINONE	0	0	12492	31847923
DRUG_503:2,3-DIHYDROXY-4-METHOXY-4'-ETHOXYBENZOPHENONE	0	1	12492	31847923
DRUG_504:CHEMBL1379900	0	0	12492	31847923
DRUG_505:RALOXIFENE HYDROCHLORIDE	0	131	12492	31847923
DRUG_506:GEFITINIB	0	5448	12492	31847923
DRUG_507:PROTOAPIGENONE	0	31	12492	31847923
DRUG_508:DIHYDROERGOCRISTINE MESYLATE	0	2	12492	31847923
DRUG_509:ITRACONAZOLE	0	5159	12492	31847923
DRUG_510:12A-HYDROXY-5-DEOXYDEHYDROMUNDUSERONE	0	0	12492	31847923
DRUG_511:CARNOSIC ACID	0	423	12492	31847923
DRUG_512:HELIOMYCIN	0	43	12492	31847923
DRUG_513:CHEMBL1574420	0	0	12492	31847923
DRUG_514:3,4-DIMETHOXYDALBERGIONE	0	2	12492	31847923
DRUG_515:3-METHOXYCATECHOL	0	12	12492	31847923
DRUG_516:DOCEBENONE	0	0	12492	31847923
DRUG_517:PHENANTHROLINE	0	5521	12492	31847923
DRUG_518:ISOEUGENITOL	0	0	12492	31847923
DRUG_519:CYSTEAMINE HYDROCHLORIDE	0	65	12492	31847923
DRUG_520:MYRICETIN	1	1210	12492	31847923
DRUG_521:CHEMBL39878	0	0	12492	31847923
DRUG_522:SR-2640	0	2	12492	31847923
DRUG_523:ISOVELLERAL	0	9	12492	31847923
DRUG_524:2,3,4-TRIHYDROXY-4'-ETHOXYBENZOPHENONE	0	0	12492	31847923
DRUG_525:CHEMBL580421	0	0	12492	31847923
DRUG_526:EMODIC ACID	0	7	12492	31847923
DRUG_527:CHEMBL227959	0	0	12492	31847923
DRUG_528:CHEMBL584458	0	0	12492	31847923
DRUG_529:PHENSERINE	0	71	12492	31847923
DRUG_530:CHEMBL600694	0	0	12492	31847923
DRUG_531:NORDIHYDROGUAIARETIC ACID	1	1563	12492	31847923
DRUG_532:FLUPIRTINE MALEATE	0	25	12492	31847923
DRUG_533:GRINIMIBINE	0	0	12492	31847923
DRUG_534:NOREPINEPHRINE	27	38689	12492	31847923
DRUG_535:CHEMBL605077	0	0	12492	31847923
DRUG_536:GOSURANEMAB	0	2	12492	31847923
DRUG_537:CHEMBL458094	0	0	12492	31847923
DRUG_538:DIHYDROXANTHOHUMOL	0	6	12492	31847923
DRUG_539:PANTOPRAZOLE	0	1455	12492	31847923
DRUG_540:BITHIONOL	0	155	12492	31847923
DRUG_541:DICHLOROPHEN	0	42	12492	31847923
DRUG_542:CHEMBL578257	0	0	12492	31847923
DRUG_543:METHYLDOPA (RACEMIC)	0	0	12492	31847923
DRUG_544:CHEMBL527620	0	0	12492	31847923
DRUG_545:CHEMBL601618	0	0	12492	31847923
DRUG_546:PTEROSTILBENE	0	480	12492	31847923
DRUG_547:DEPHOSTATIN	0	39	12492	31847923
DRUG_548:QUINALIZARIN	0	40	12492	31847923
DRUG_549:FISETIN	1	643	12492	31847923
DRUG_550:TETROQUINONE	0	0	12492	31847923
DRUG_551:CAPSAZEPINE	0	1036	12492	31847923
DRUG_552:PARAROSANILINE	0	78	12492	31847923
DRUG_553:CHEMBL328710	0	0	12492	31847923
DRUG_554:CHEMBL581574	0	0	12492	31847923
DRUG_555:OXYPHENBUTAZONE	0	401	12492	31847923
DRUG_556:GETIACAULEIN	0	0	12492	31847923
DRUG_557:DIHYDROGAMBOGIC ACID	0	3	12492	31847923
DRUG_558:TYRPHOSTIN A9	0	35	12492	31847923
DRUG_559:MECYSTEINE HYDROCHLORIDE	0	0	12492	31847923
DRUG_560:SLAZINIC ACID	0	0	12492	31847923
DRUG_561:CHEMBL609606	0	0	12492	31847923
DRUG_562:CHEMBL523200	0	0	12492	31847923
DRUG_563:CGP-53353	0	6	12492	31847923
DRUG_564:CHEMBL1543865	0	0	12492	31847923
DRUG_565:AMINOHIPPURIC ACID	0	733	12492	31847923
DRUG_566:CHEMBL591137	0	0	12492	31847923
DRUG_567:PLUMBAGIN	0	506	12492	31847923
DRUG_568:PURPURIN	0	138	12492	31847923
DRUG_569:ELLAGIC ACID	0	1710	12492	31847923
DRUG_570:CHEMBL1588679	0	0	12492	31847923
DRUG_571:CHEMBL2181046	0	0	12492	31847923
DRUG_572:CHEMBL601192	0	0	12492	31847923
DRUG_573:DIHYDROERGOCRISTINE	0	120	12492	31847923
DRUG_574:HEXACHLOROPHENE	0	583	12492	31847923
DRUG_575:CHEMBL603952	0	0	12492	31847923
DRUG_576:CHEMBL515763	0	0	12492	31847923
DRUG_577:CARUBICIN	0	1	12492	31847923
DRUG_578:1,4-DIMETHOXYANTHRAQUINONE	0	0	12492	31847923
DRUG_579:CHEMBL582715	0	0	12492	31847923
DRUG_580:PROTOPORPHYRIN	1	6388	12492	31847923
DRUG_581:CEFACLOR	0	1046	12492	31847923
DRUG_582:OXIDOPAMINE HYDROCHLORIDE	0	0	12492	31847923
DRUG_583:BISSALICYL FUMARATE	0	0	12492	31847923
DRUG_584:SULFASALAZINE	0	2546	12492	31847923
DRUG_585:DIHYDROERGOTAMINE MESYLATE	0	37	12492	31847923
DRUG_586:ACITRETIN	0	1060	12492	31847923
DRUG_587:TYRPHOSTIN 1	0	15	12492	31847923
DRUG_588:MACLURAXANTHONE	0	10	12492	31847923
DRUG_589:TYRPHOSTIN 51	0	29	12492	31847923
DRUG_590:NORSTICTIC ACID	0	7	12492	31847923
DRUG_591:CHEMBL2181041	0	0	12492	31847923
DRUG_592:CHELERYTHRINE CHLORIDE	0	305	12492	31847923
DRUG_593:CARBIDOPA	0	1812	12492	31847923
DRUG_594:RALOXIFENE	3	2732	12492	31847923
DRUG_595:MAHANIMBINE	0	14	12492	31847923
DRUG_596:CHEMBL1334191	0	0	12492	31847923
DRUG_597:CHEMBL601110	0	0	12492	31847923
DRUG_598:CONGO RED	1	3173	12492	31847923
DRUG_599:CHEMBL234338	0	0	12492	31847923
DRUG_600:CHEMBL1534034	0	0	12492	31847923
DRUG_601:CHEMBL314639	0	0	12492	31847923
DRUG_602:NITAZOXANIDE	0	479	12492	31847923
DRUG_603:CHEMBL85194	0	0	12492	31847923
DRUG_604:ACID BLUE 129	0	12	12492	31847923
DRUG_605:CHEMBL578741	0	0	12492	31847923
DRUG_606:BITHIONOLATE SODIUM	0	0	12492	31847923
DRUG_607:CHEMBL601605	0	0	12492	31847923
DRUG_608:ELLIPTECINE	0	0	12492	31847923
DRUG_609:IODOPHTHALEIN	0	3	12492	31847923
DRUG_610:APOMORPHINE	0	6726	12492	31847923
DRUG_611:CHEMBL1402376	0	0	12492	31847923
DRUG_612:MESNA	0	969	12492	31847923
DRUG_613:PROPRANOLOL	1	21196	12492	31847923
DRUG_614:NEBIVOLOL	0	867	12492	31847923
DRUG_615:ISOPROTERENOL HYDROCHLORIDE	0	70	12492	31847923
DRUG_616:ISOPROTERENOL	3	15337	12492	31847923
DRUG_617:CARTEOLOL	0	320	12492	31847923
DRUG_618:PENBUTOLOL SULFATE	0	3	12492	31847923
DRUG_619:NEBIVOLOL HYDROCHLORIDE	0	18	12492	31847923
DRUG_620:NADOLOL	0	820	12492	31847923
DRUG_621:SOLABEGRON	0	11	12492	31847923
DRUG_622:ARFORMOTEROL	0	38	12492	31847923
DRUG_623:DROXIDOPA	0	112	12492	31847923
DRUG_624:BETAXOLOL HYDROCHLORIDE	0	38	12492	31847923
DRUG_625:PRACTOLOL	0	826	12492	31847923
DRUG_626:ATENOLOL	2	5019	12492	31847923
DRUG_627:TIMOLOL	1	3417	12492	31847923
DRUG_628:DOBUTAMINE	1	6803	12492	31847923
DRUG_629:HYDROXYAMPHETAMINE HYDROBROMIDE	0	5	12492	31847923
DRUG_630:BETAXOLOL	0	625	12492	31847923
DRUG_631:LEVOBUNOLOL	0	140	12492	31847923
DRUG_632:PINDOLOL	0	1849	12492	31847923
DRUG_633:DIPIVEFRIN HYDROCHLORIDE	0	9	12492	31847923
DRUG_634:PROPRANOLOL HYDROCHLORIDE	0	362	12492	31847923
DRUG_635:OXPRENOLOL HYDROCHLORIDE	0	11	12492	31847923
DRUG_636:SOTALOL	1	2076	12492	31847923
DRUG_637:ESMOLOL	0	1058	12492	31847923
DRUG_638:METIPRANOLOL	0	157	12492	31847923
DRUG_639:ACEBUTOLOL	0	718	12492	31847923
DRUG_640:LABETALOL HYDROCHLORIDE	0	25	12492	31847923
DRUG_641:CICLOPROLOL	0	14	12492	31847923
DRUG_642:DOBUTAMINE HYDROCHLORIDE	0	45	12492	31847923
DRUG_643:SOTALOL HYDROCHLORIDE	0	28	12492	31847923
DRUG_644:BUPRANOLOL	0	162	12492	31847923
DRUG_645:CARVEDILOL	3	2817	12492	31847923
DRUG_646:LY377604	0	0	12492	31847923
DRUG_647:ALPRENOLOL	0	609	12492	31847923
DRUG_648:LABETALOL	0	1568	12492	31847923
DRUG_649:METOPROLOL	1	5181	12492	31847923
DRUG_650:PROPAFENONE HYDROCHLORIDE	0	31	12492	31847923
DRUG_651:MIRABEGRON	21	491	12492	31847923
DRUG_652:NOREPINEPHRINE BITARTRATE	0	22	12492	31847923
DRUG_653:ABEDITEROL	0	12	12492	31847923
DRUG_654:LEVOBETAXOLOL HYDROCHLORIDE	0	1	12492	31847923
DRUG_655:ACEBUTOLOL HYDROCHLORIDE	0	14	12492	31847923
DRUG_656:BISOPROLOL	1	1145	12492	31847923
DRUG_657:ISOETHARINE	0	71	12492	31847923
DRUG_658:DOPAMINE HYDROCHLORIDE	0	148	12492	31847923
DRUG_659:TIMOLOL MALEATE	0	619	12492	31847923
DRUG_660:BUFURALOL	0	229	12492	31847923
DRUG_661:LEVOBUNOLOL HYDROCHLORIDE	0	15	12492	31847923
DRUG_662:BEVANTOLOL	0	72	12492	31847923
DRUG_663:CELIPROLOL	0	406	12492	31847923
DRUG_664:XAMOTEROL	0	212	12492	31847923
DRUG_665:ARBUTAMINE	0	43	12492	31847923
DRUG_666:BISOPROLOL FUMARATE	0	46	12492	31847923
DRUG_667:METIPRANOLOL HYDROCHLORIDE	0	0	12492	31847923
DRUG_668:AMIODARONE	1	7746	12492	31847923
DRUG_669:PROPAFENONE	0	1260	12492	31847923
DRUG_670:METOPROLOL SUCCINATE	0	213	12492	31847923
DRUG_671:CARVEDILOL PHOSPHATE	0	9	12492	31847923
DRUG_672:BETHANIDINE	0	94	12492	31847923
DRUG_673:DENOPAMINE	0	102	12492	31847923
DRUG_674:ESMOLOL HYDROCHLORIDE	0	24	12492	31847923
DRUG_675:MEPHENTERMINE SULFATE	0	9	12492	31847923
DRUG_676:LEVOBETAXOLOL	0	12	12492	31847923
DRUG_677:PRENALTEROL	0	254	12492	31847923
DRUG_678:CARTEOLOL HYDROCHLORIDE	0	53	12492	31847923
DRUG_679:OXPRENOLOL	0	673	12492	31847923
DRUG_680:PENBUTOLOL	0	182	12492	31847923
DRUG_681:DRONEDARONE	0	523	12492	31847923
DRUG_682:SALMETEROL	0	2141	12492	31847923
DRUG_683:DOPAMINE	10	97966	12492	31847923
DRUG_684:BUCINDOLOL	0	123	12492	31847923
DRUG_685:DIPIVEFRIN	0	73	12492	31847923
DRUG_686:HYDROCHLOROTHIAZIDE	0	4999	12492	31847923
DRUG_687:DICHLOROISOPROTERENOL	0	69	12492	31847923
DRUG_688:CHEMBL111201	0	0	12492	31847923
DRUG_689:DIGOXIN	1	8748	12492	31847923
DRUG_690:MEPINDOLOL	0	68	12492	31847923
DRUG_691:SPIRONOLACTONE	0	4490	12492	31847923
DRUG_692:TERTATOLOL	0	130	12492	31847923
DRUG_693:BUNOLOL	0	36	12492	31847923
DRUG_694:BUNITROLOL	0	76	12492	31847923
DRUG_695:MURAGLITAZAR	0	57	12492	31847923
DRUG_696:BRETYLIUM	0	694	12492	31847923
DRUG_697:BUDIODARONE	0	3	12492	31847923
DRUG_698:ANISODAMINE	0	296	12492	31847923
DRUG_699:ZIPRASIDONE	0	1384	12492	31847923
DRUG_700:RIMONABANT	0	1035	12492	31847923
DRUG_701:IRINOTECAN	0	7563	12492	31847923
DRUG_702:ZIDOVUDINE	0	6472	12492	31847923
DRUG_703:CYCLOPHOSPHAMIDE	6	37554	12492	31847923
DRUG_704:CYTARABINE	0	5529	12492	31847923
DRUG_705:FLUOROURACIL	3	30229	12492	31847923
DRUG_706:CEPHALEXIN	0	1591	12492	31847923
DRUG_707:CEFTRIAXONE	1	6834	12492	31847923
DRUG_708:LAMIVUDINE	0	7344	12492	31847923
DRUG_709:CEFOPERAZONE	0	1607	12492	31847923
DRUG_710:VALGANCICLOVIR	0	958	12492	31847923
DRUG_711:CEFUROXIME	0	2619	12492	31847923
DRUG_712:DOXORUBICIN	0	35385	12492	31847923
DRUG_713:CEFAMANDOLE	0	704	12492	31847923
DRUG_714:RUCAPARIB	0	183	12492	31847923
DRUG_715:IMATINIB	3	11843	12492	31847923
DRUG_716:CEFMETAZOLE	1	478	12492	31847923
DRUG_717:AZATHIOPRINE	1	10469	12492	31847923
DRUG_718:CEPHRADINE	1	372	12492	31847923
DRUG_719:THIOGUANINE	0	2539	12492	31847923
DRUG_720:FUROSEMIDE	3	8223	12492	31847923
DRUG_721:LEUCOVORIN	0	4907	12492	31847923
DRUG_722:CEFOXITIN	1	2430	12492	31847923
DRUG_723:LATANOPROST	1	1604	12492	31847923
DRUG_724:GANCICLOVIR	0	5730	12492	31847923
DRUG_725:LOSARTAN	5	7395	12492	31847923
DRUG_726:IRBESARTAN	0	1489	12492	31847923
DRUG_727:AZILSARTAN KAMEDOXOMIL	0	1	12492	31847923
DRUG_728:EPROSARTAN	0	293	12492	31847923
DRUG_729:VALSARTAN	0	3450	12492	31847923
DRUG_730:OLMESARTAN	0	1380	12492	31847923
DRUG_731:CANDESARTAN	0	2371	12492	31847923
DRUG_732:SAPRISARTAN	0	2	12492	31847923
DRUG_733:TASOSARTAN	0	13	12492	31847923
DRUG_734:SPARSENTAN	0	4	12492	31847923
DRUG_735:FORASARTAN	0	1	12492	31847923
DRUG_736:TELMISARTAN	1	2039	12492	31847923
DRUG_737:EPROSARTAN MESYLATE	0	21	12492	31847923
DRUG_738:CANDESARTAN CILEXETIL	0	523	12492	31847923
DRUG_739:PRATOSARTAN	0	4	12492	31847923
DRUG_740:SARALASIN ACETATE	0	14	12492	31847923
DRUG_741:AZILSARTAN	0	190	12492	31847923
DRUG_742:OLMESARTAN MEDOXOMIL	0	409	12492	31847923
DRUG_743:LOSARTAN POTASSIUM	0	213	12492	31847923
DRUG_744:CHEMBL1972216	0	0	12492	31847923
DRUG_745:CHEMBL1492017	0	0	12492	31847923
DRUG_746:CHEMBL125044	0	0	12492	31847923
DRUG_747:CHEMBL421088	0	0	12492	31847923
DRUG_748:IDOXIFENE	0	56	12492	31847923
DRUG_749:CAPTOPRIL	4	9248	12492	31847923
DRUG_750:CHEMBL2094484	0	0	12492	31847923
DRUG_751:CHEMBL400912	0	0	12492	31847923
DRUG_752:PERINDOPRIL	0	1702	12492	31847923
DRUG_753:LEVODOPA	0	9277	12492	31847923
DRUG_754:CHEMBL528694	0	0	12492	31847923
DRUG_755:CHEMBL347610	0	0	12492	31847923
DRUG_756:DISULFIRAM	0	2403	12492	31847923
DRUG_757:CYCLOSPORINE	1	24569	12492	31847923
DRUG_758:AZILSARTAN MEDOXOMIL	0	85	12492	31847923
DRUG_759:CL-329167	0	1	12492	31847923
DRUG_760:SARALASIN	0	934	12492	31847923
DRUG_761:CHEMBL586135	0	0	12492	31847923
DRUG_762:DEXAMETHASONE	4	44814	12492	31847923
DRUG_763:CHEMBL261693	0	0	12492	31847923
DRUG_764:INDOMETHACIN	2	26460	12492	31847923
DRUG_765:ATORVASTATIN	3	7628	12492	31847923
DRUG_766:NITRENDIPINE	0	1752	12492	31847923
DRUG_767:CHEMBL591834	0	0	12492	31847923
DRUG_768:CHEMBL1445650	0	0	12492	31847923
DRUG_769:DULOXETINE	0	2081	12492	31847923
DRUG_770:GUANIDINE HYDROCHLORIDE	0	2231	12492	31847923
DRUG_771:TEDISAMIL	0	83	12492	31847923
DRUG_772:NERISPIRDINE	0	2	12492	31847923
DRUG_773:DALFAMPRIDINE	0	117	12492	31847923
DRUG_774:ISOTRETINOIN	0	2563	12492	31847923
DRUG_775:ETHOXZOLAMIDE	0	125	12492	31847923
DRUG_776:ACETAZOLAMIDE	0	4603	12492	31847923
DRUG_777:TEZAMPANEL	0	5	12492	31847923
DRUG_778:TOPIRAMATE	1	3690	12492	31847923
DRUG_779:DASOLAMPANEL	0	0	12492	31847923
DRUG_780:SELURAMPANEL	0	5	12492	31847923
DRUG_781:LATREPIRDINE	0	28	12492	31847923
DRUG_782:ORPHENADRINE	0	309	12492	31847923
DRUG_783:NERAMEXANE	0	19	12492	31847923
DRUG_784:MEMANTINE	2	2913	12492	31847923
DRUG_785:INDANTADOL	0	2	12492	31847923
DRUG_786:NERAMEXANE MESYLATE	0	0	12492	31847923
DRUG_787:ORPHENADRINE CITRATE	0	42	12492	31847923
DRUG_788:CNS-5161	0	3	12492	31847923
DRUG_789:LANICEMINE	0	22	12492	31847923
DRUG_790:ACAMPROSATE CALCIUM	0	24	12492	31847923
DRUG_791:FELBAMATE	0	531	12492	31847923
DRUG_792:DEXTROMETHORPHAN	0	2017	12492	31847923
DRUG_793:KETAMINE	6	15074	12492	31847923
DRUG_794:ESKETAMINE	0	158	12492	31847923
DRUG_795:AZD8108	0	0	12492	31847923
DRUG_796:DEXANABINOL	0	36	12492	31847923
DRUG_797:ACAMPROSATE	0	542	12492	31847923
DRUG_798:ESKETAMINE HYDROCHLORIDE	0	2	12492	31847923
DRUG_799:RALFINAMIDE	0	7	12492	31847923
DRUG_800:DELUCEMINE	0	0	12492	31847923
DRUG_801:AV-101	0	4	12492	31847923
DRUG_802:MEMANTINE HYDROCHLORIDE	0	56	12492	31847923
DRUG_803:KETAMINE HYDROCHLORIDE	0	406	12492	31847923
DRUG_804:APIMOSTINEL	0	0	12492	31847923
DRUG_805:ORPHENADRINE HYDROCHLORIDE	0	20	12492	31847923
DRUG_806:AMANTADINE HYDROCHLORIDE	0	203	12492	31847923
DRUG_807:NEBOGLAMINE	0	1	12492	31847923
DRUG_808:GW468816	0	2	12492	31847923
DRUG_809:RAPASTINEL	0	24	12492	31847923
DRUG_810:APAMIN	1	2175	12492	31847923
DRUG_811:DEQUALINIUM	0	189	12492	31847923
DRUG_812:SODIUM CHLORIDE	5	9678	12492	31847923
DRUG_813:TACROLIMUS	0	13596	12492	31847923
DRUG_814:VOCLOSPORIN	0	27	12492	31847923
DRUG_815:PIMECROLIMUS	0	619	12492	31847923
DRUG_816:NAFAMOSTAT	0	466	12492	31847923
DRUG_817:CAMOSTAT	0	156	12492	31847923
DRUG_818:CITALOPRAM	1	3989	12492	31847923
DRUG_819:ASPIRIN	23	36929	12492	31847923
DRUG_820:FINASTERIDE	680	2205	12492	31847923
DRUG_821:DUTASTERIDE	292	766	12492	31847923
DRUG_822:VANDORTUZUMAB VEDOTIN	0	0	12492	31847923
DRUG_823:DIAZOXIDE	2	2358	12492	31847923
DRUG_824:CHLORPROMAZINE	0	9159	12492	31847923
DRUG_825:CARBENOXOLONE	0	1107	12492	31847923
DRUG_826:OCTANOL	0	4151	12492	31847923
DRUG_827:VARESPLADIB	0	41	12492	31847923
DRUG_828:VARESPLADIB METHYL	0	10	12492	31847923
DRUG_829:TRETINOIN	0	974	12492	31847923
DRUG_830:PHLORETIN	0	959	12492	31847923
DRUG_831:SOR-C13	0	3	12492	31847923
DRUG_832:E324	0	6	12492	31847923
DRUG_833:DIENESTROL	0	164	12492	31847923
DRUG_834:N,N'-DIPHENYL-P-PHENYLENEDIAMINE	0	118	12492	31847923
DRUG_835:TYRPHOSTIN AG 879	0	4	12492	31847923
DRUG_836:DIHYDROXIDINE	0	0	12492	31847923
DRUG_837:PSEUDOEPHEDRINE	1	1017	12492	31847923
DRUG_838:CHEMBL220845	0	0	12492	31847923
DRUG_839:RHODOMYRTOXIN B	0	0	12492	31847923
DRUG_840:MERCURIC CHLORIDE	0	1748	12492	31847923
DRUG_841:PHENYLMERCURIC ACETATE	0	116	12492	31847923
DRUG_842:DIPYRONE SODIUM	0	3	12492	31847923
DRUG_843:THIMEROSAL	0	850	12492	31847923
DRUG_844:MESO-HEXESTROL	0	10	12492	31847923
DRUG_845:CHEMBL238624	0	0	12492	31847923
DRUG_846:4-CHLOROMERCURIBENZOIC ACID	0	7	12492	31847923
DRUG_847:CHEMBL154580	0	0	12492	31847923
DRUG_848:CHEMBL601616	0	0	12492	31847923
DRUG_849:DIPYRIDAMOLE	2	5786	12492	31847923
DRUG_850:CHEMBL1091971	0	0	12492	31847923
DRUG_851:CHEMBL1448292	0	0	12492	31847923
DRUG_852:ARACHIDONOYL GLYCINE	0	41	12492	31847923
DRUG_853:HINOKITIOL	0	128	12492	31847923
DRUG_854:TROGLITAZONE	0	1940	12492	31847923
DRUG_855:CHEMBL169233	0	0	12492	31847923
DRUG_856:CHEMBL602807	0	0	12492	31847923
DRUG_857:EBSELEN	0	893	12492	31847923
DRUG_858:FENTICLOR	0	9	12492	31847923
DRUG_859:PYRITHIONE ZINC	0	108	12492	31847923
DRUG_860:IBUPROFEN	3	10571	12492	31847923
DRUG_861:GALUNISERTIB	0	63	12492	31847923
DRUG_862:RIFAMPIN	0	5424	12492	31847923
DRUG_863:THROMBIN	8	34926	12492	31847923
DRUG_864:ALTEPLASE	0	1567	12492	31847923
DRUG_865:MEDROXYPROGESTERONE ACETATE	2	4358	12492	31847923
DRUG_866:CHEMBL581225	0	0	12492	31847923
DRUG_867:DOFETILIDE	0	683	12492	31847923
DRUG_868:AZD1305	0	13	12492	31847923
DRUG_869:CHEMBL146525	0	0	12492	31847923
DRUG_870:IDARUBICIN HYDROCHLORIDE	0	11	12492	31847923
DRUG_871:MITONAFIDE	0	26	12492	31847923
DRUG_872:N-ACETYLASPARTIC ACID	0	91	12492	31847923
DRUG_873:PERGOLIDE MESYLATE	0	71	12492	31847923
DRUG_874:AZD7009	0	15	12492	31847923
DRUG_875:AMIODARONE HYDROCHLORIDE	0	86	12492	31847923
DRUG_876:PF-04457845	0	20	12492	31847923
DRUG_877:ACETAMINOPHEN	2	11918	12492	31847923
DRUG_878:CHEMBL1915783	0	0	12492	31847923
DRUG_879:PROPOFOL	2	17066	12492	31847923
DRUG_880:URB-597	0	32	12492	31847923
DRUG_881:RISPERIDONE	1	7002	12492	31847923
DRUG_882:CHEMBL560590	0	0	12492	31847923
DRUG_883:CHEMBL367966	0	0	12492	31847923
DRUG_884:PHENMEDIPHAM	0	32	12492	31847923
DRUG_885:JNJ-42165279	0	4	12492	31847923
DRUG_886:THIOPENTAL	1	3060	12492	31847923
DRUG_887:DRONABINOL	0	251	12492	31847923
DRUG_888:METHAMPHETAMINE	0	10019	12492	31847923
DRUG_889:QUETIAPINE	1	3668	12492	31847923
DRUG_890:ARIPIPRAZOLE	0	3347	12492	31847923
DRUG_891:NABIXIMOLS	0	94	12492	31847923
DRUG_892:GLPG-0974	0	2	12492	31847923
DRUG_893:OXAZEPAM	1	975	12492	31847923
DRUG_894:CLOTIAZEPAM	0	44	12492	31847923
DRUG_895:CHLORDIAZEPOXIDE	0	2039	12492	31847923
DRUG_896:QUAZEPAM	0	105	12492	31847923
DRUG_897:CLORAZEPIC ACID	0	0	12492	31847923
DRUG_898:ADINAZOLAM	0	80	12492	31847923
DRUG_899:PRAZEPAM	0	136	12492	31847923
DRUG_900:CLONAZEPAM	0	2464	12492	31847923
DRUG_901:FLURAZEPAM	0	607	12492	31847923
DRUG_902:ESZOPICLONE	0	185	12492	31847923
DRUG_903:TRIAZOLAM	0	1099	12492	31847923
DRUG_904:NITRAZEPAM	0	628	12492	31847923
DRUG_905:THIAMYLAL	0	379	12492	31847923
DRUG_906:CHLORDIAZEPOXIDE HYDROCHLORIDE	0	41	12492	31847923
DRUG_907:REMIMAZOLAM	0	46	12492	31847923
DRUG_908:MIDAZOLAM	2	9689	12492	31847923
DRUG_909:FLUMAZENIL	0	2292	12492	31847923
DRUG_910:ESTAZOLAM	0	153	12492	31847923
DRUG_911:TEMAZEPAM	0	617	12492	31847923
DRUG_912:LORAZEPAM	2	2602	12492	31847923
DRUG_913:ETOMIDATE	0	2009	12492	31847923
DRUG_914:SEVOFLURANE	0	7328	12492	31847923
DRUG_915:MEPROBAMATE	0	1084	12492	31847923
DRUG_916:BUTABARBITAL SODIUM	0	5	12492	31847923
DRUG_917:ENFLURANE	0	2054	12492	31847923
DRUG_918:TALBUTAL	0	1	12492	31847923
DRUG_919:PF-06372865	0	6	12492	31847923
DRUG_920:BUTALBITAL	0	78	12492	31847923
DRUG_921:PRIMIDONE	0	751	12492	31847923
DRUG_922:ISOFLURANE	3	9564	12492	31847923
DRUG_923:SARIPIDEM	0	2	12492	31847923
DRUG_924:HALAZEPAM	0	38	12492	31847923
DRUG_925:ZOLPIDEM	2	1832	12492	31847923
DRUG_926:PENTOBARBITAL SODIUM	0	965	12492	31847923
DRUG_927:SECOBARBITAL SODIUM	0	11	12492	31847923
DRUG_928:STIRIPENTOL	0	224	12492	31847923
DRUG_929:BENTAZEPAM	0	14	12492	31847923
DRUG_930:DIAZEPAM	2	13310	12492	31847923
DRUG_931:DESFLURANE	0	1859	12492	31847923
DRUG_932:METHARBITAL	0	17	12492	31847923
DRUG_933:PAGOCLONE	0	10	12492	31847923
DRUG_934:FLUDIAZEPAM	0	15	12492	31847923
DRUG_935:THIOPENTAL SODIUM	0	328	12492	31847923
DRUG_936:ADIPIPLON	0	0	12492	31847923
DRUG_937:THIAMYLAL SODIUM	0	53	12492	31847923
DRUG_938:OCINAPLON	0	7	12492	31847923
DRUG_939:BROMAZEPAM	0	375	12492	31847923
DRUG_940:ETHCHLORVYNOL	0	146	12492	31847923
DRUG_941:CINOLAZEPAM	0	4	12492	31847923
DRUG_942:METHOXYFLURANE	0	1027	12492	31847923
DRUG_943:PENTOBARBITAL	3	8890	12492	31847923
DRUG_944:CLOBAZAM	0	732	12492	31847923
DRUG_945:LOREDIPLON	0	1	12492	31847923
DRUG_946:ETAZOLATE	0	46	12492	31847923
DRUG_947:AZD-3043	0	3	12492	31847923
DRUG_948:MIDAZOLAM HYDROCHLORIDE	0	47	12492	31847923
DRUG_949:RESEQUINIL	0	0	12492	31847923
DRUG_950:METHOHEXITAL SODIUM	0	43	12492	31847923
DRUG_951:GANAXOLONE	0	91	12492	31847923
DRUG_952:HALOTHANE	0	10631	12492	31847923
DRUG_953:PICROTOXIN	1	3224	12492	31847923
DRUG_954:TRICLOFOS SODIUM	0	15	12492	31847923
DRUG_955:CLOMETHIAZOLE	0	154	12492	31847923
DRUG_956:ALPRAZOLAM	0	1747	12492	31847923
DRUG_957:AZIETOMIDATE	0	6	12492	31847923
DRUG_958:GLUTETHIMIDE	0	338	12492	31847923
DRUG_959:MEBUTAMATE	0	96	12492	31847923
DRUG_960:BREXANOLONE	0	45	12492	31847923
DRUG_961:CLORAZEPATE DIPOTASSIUM	0	52	12492	31847923
DRUG_962:METHYPRYLON	0	72	12492	31847923
DRUG_963:EPOETIN ALFA	0	839	12492	31847923
DRUG_964:FASUDIL	0	927	12492	31847923
DRUG_965:AZACITIDINE	1	1216	12492	31847923
DRUG_966:NITROGLYCERIN	0	7571	12492	31847923
DRUG_967:SODIUM NITROPRUSSIDE	9	10765	12492	31847923
DRUG_968:NITRIC OXIDE	115	128650	12492	31847923
DRUG_969:ISOSORBIDE DINITRATE	2	1952	12492	31847923
DRUG_970:ISOSORBIDE MONONITRATE	2	307	12492	31847923
DRUG_971:RIOCIGUAT	0	292	12492	31847923
DRUG_972:BENRALIZUMAB	0	220	12492	31847923
DRUG_973:CYCLOPENTYL PALMITATE	0	0	12492	31847923
DRUG_974:TM30339	0	0	12492	31847923
DRUG_975:OBINEPITIDE	0	0	12492	31847923
DRUG_976:PEPTIDE YY HUMAN (3-36)	0	0	12492	31847923
DRUG_977:NALMEFENE	0	317	12492	31847923
DRUG_978:ALVIMOPAN	0	168	12492	31847923
DRUG_979:COCAINE	0	30089	12492	31847923
DRUG_980:LEVALLORPHAN TARTRATE	0	18	12492	31847923
DRUG_981:DAMGO	0	1266	12492	31847923
DRUG_982:SALVINORIN A	0	230	12492	31847923
DRUG_983:NALORPHINE	0	362	12492	31847923
DRUG_984:MEPERIDINE	1	1756	12492	31847923
DRUG_985:ETONITAZENE	0	57	12492	31847923
DRUG_986:HYDROMORPHONE	2	1178	12492	31847923
DRUG_987:PENTAZOCINE	0	1623	12492	31847923
DRUG_988:CODEINE POLISTIREX	0	0	12492	31847923
DRUG_989:NALTREXONE HYDROCHLORIDE	0	116	12492	31847923
DRUG_990:CODEINE	0	3300	12492	31847923
DRUG_991:NALBUPHINE	0	709	12492	31847923
DRUG_992:TRAMADOL	2	4191	12492	31847923
DRUG_993:CHEMBL570176	0	0	12492	31847923
DRUG_994:ASIMADOLINE	0	35	12492	31847923
DRUG_995:MORPHINE	1	38724	12492	31847923
DRUG_996:DIFELIKEFALIN	0	9	12492	31847923
DRUG_997:SIROLIMUS	0	6915	12492	31847923
DRUG_998:CHEMBL428064	0	0	12492	31847923
DRUG_999:12-EPI-SALVINORIN A	0	3	12492	31847923
DRUG_1000:ANILERIDINE HYDROCHLORIDE	0	2	12492	31847923
DRUG_1001:CODEINE PHOSPHATE	0	206	12492	31847923
DRUG_1002:ENADOLINE	0	46	12492	31847923
DRUG_1003:HYDROCODONE	1	718	12492	31847923
DRUG_1004:SUFENTANIL	0	2137	12492	31847923
DRUG_1005:ATICAPRANT	0	3	12492	31847923
DRUG_1006:CARFENTANIL	0	237	12492	31847923
DRUG_1007:NALFURAFINE	0	75	12492	31847923
DRUG_1008:OXYCODONE	1	2625	12492	31847923
DRUG_1009:ADL-5747	0	0	12492	31847923
DRUG_1010:U-50488 METHANE SULFONATE	0	0	12492	31847923
DRUG_1011:TIFLUADOM	0	60	12492	31847923
DRUG_1012:BUTORPHANOL	0	1146	12492	31847923
DRUG_1013:NORBINALTORPHIMINE	0	262	12492	31847923
DRUG_1014:HYDROCODONE POLISTIREX	0	0	12492	31847923
DRUG_1015:CHEMBL546170	0	0	12492	31847923
DRUG_1016:AXOMADOL	0	1	12492	31847923
DRUG_1017:METHADONE	0	10774	12492	31847923
DRUG_1018:BUPRENORPHINE	1	5708	12492	31847923
DRUG_1019:NALTRIBEN	0	130	12492	31847923
DRUG_1020:DEZOCINE	0	139	12492	31847923
DRUG_1021:CLIOQUINOL	0	464	12492	31847923
DRUG_1022:SAMIDORPHAN	0	42	12492	31847923
DRUG_1023:CHEMBL1941031	0	0	12492	31847923
DRUG_1024:BNTX	0	87	12492	31847923
DRUG_1025:NALTREXONE	0	4986	12492	31847923
DRUG_1026:CHEMBL300662	0	0	12492	31847923
DRUG_1027:QUADAZOCINE	0	25	12492	31847923
DRUG_1028:BUPRENORPHINE HYDROCHLORIDE	0	66	12492	31847923
DRUG_1029:ETHYLKETOCYCLAZOCINE	0	295	12492	31847923
DRUG_1030:NALOXONE	1	15476	12492	31847923
DRUG_1031:NALTRINDOLE	0	882	12492	31847923
DRUG_1032:CHEMBL442577	0	0	12492	31847923
DRUG_1033:PROPOXYPHENE	0	627	12492	31847923
DRUG_1034:FENTANYL	1	13301	12492	31847923
DRUG_1035:ALCOHOL	91	178413	12492	31847923
DRUG_1036:METHYLNALTREXONE	0	272	12492	31847923
DRUG_1037:NALMEFENE HYDROCHLORIDE	0	8	12492	31847923
DRUG_1038:CHEMBL2094567	0	0	12492	31847923
DRUG_1039:U-69593	0	84	12492	31847923
DRUG_1040:NORMORPHINE	0	165	12492	31847923
DRUG_1041:NALFURAFINE HYDROCHLORIDE	0	25	12492	31847923
DRUG_1042:DIHYDROMORPHINE	0	154	12492	31847923
DRUG_1043:ETORPHINE	0	481	12492	31847923
DRUG_1044:NIRAVOLINE	0	11	12492	31847923
DRUG_1045:ODELEPRAN	0	0	12492	31847923
DRUG_1046:BENZHYDROCODONE HYDROCHLORIDE	0	0	12492	31847923
DRUG_1047:OXYMORPHONE HYDROCHLORIDE	0	23	12492	31847923
DRUG_1048:HYDROCODONE BITARTRATE	0	54	12492	31847923
DRUG_1049:CHLOROXINE	0	9	12492	31847923
DRUG_1050:DIPRENORPHINE	0	299	12492	31847923
DRUG_1051:CHEMBL255067	0	0	12492	31847923
DRUG_1052:CODEINE SULFATE	0	19	12492	31847923
DRUG_1053:CHEMBL433508	0	0	12492	31847923
DRUG_1054:ANILERIDINE PHOSPHATE	0	1	12492	31847923
DRUG_1055:BUTORPHANOL TARTRATE	0	117	12492	31847923
DRUG_1056:DIACETYLMORPHINE	0	164	12492	31847923
DRUG_1057:ZYKLOPHIN	0	7	12492	31847923
DRUG_1058:NALBUPHINE HYDROCHLORIDE	0	44	12492	31847923
DRUG_1059:NALOXONE HYDROCHLORIDE	0	186	12492	31847923
DRUG_1060:APADOLINE	0	0	12492	31847923
DRUG_1061:CEBRANOPADOL	0	38	12492	31847923
DRUG_1062:GLUTACONATE	0	18	12492	31847923
DRUG_1063:MALEIC ACID	0	1051	12492	31847923
DRUG_1064:MALONIC ACID	0	599	12492	31847923
DRUG_1065:TADALAFIL	205	1818	12492	31847923
DRUG_1066:PENTOXIFYLLINE	0	3771	12492	31847923
DRUG_1067:ZAPRINAST	2	646	12492	31847923
DRUG_1068:HEPARIN	19	59607	12492	31847923
DRUG_1069:GENTAMICIN	2	15420	12492	31847923
DRUG_1070:PIROXICAM	3	2474	12492	31847923
DRUG_1071:CORTISONE	0	13221	12492	31847923
DRUG_1072:DARAPLADIB	0	96	12492	31847923
DRUG_1073:RILAPLADIB	0	3	12492	31847923
DRUG_1074:EPOETIN BETA	0	344	12492	31847923
DRUG_1075:NEOMYCIN	0	6169	12492	31847923
DRUG_1076:ASG-5ME	0	3	12492	31847923
DRUG_1077:ADENOSINE DIPHOSPHATE	4	6203	12492	31847923
DRUG_1078:ADENOSINE	34	88017	12492	31847923
DRUG_1079:SPERMINE	4	5785	12492	31847923
DRUG_1080:ADENOSINE TRIPHOSPHATE	13	14694	12492	31847923
DRUG_1081:TESTOSTERONE	794	59389	12492	31847923
DRUG_1082:VASOACTIVE INTESTINAL PEPTIDE	2	6467	12492	31847923
DRUG_1083:SECRETIN	0	5135	12492	31847923
DRUG_1084:ALDESLEUKIN	0	64	12492	31847923
DRUG_1085:TOSEDOSTAT	0	15	12492	31847923
DRUG_1086:ANTAQ	0	1	12492	31847923
DRUG_1087:AVATROMBOPAG	0	35	12492	31847923
DRUG_1088:LUSUTROMBOPAG	0	39	12492	31847923
DRUG_1089:WARFARIN	13	18683	12492	31847923
DRUG_1090:ESTRADIOL	198	60526	12492	31847923
DRUG_1091:ROQUINIMEX	0	30	12492	31847923
DRUG_1092:INSULIN	184	289830	12492	31847923
DRUG_1093:LITHIUM	20	36324	12492	31847923
DRUG_1094:MIRTAZAPINE	0	1740	12492	31847923
DRUG_1095:PALIPERIDONE	1	1007	12492	31847923
DRUG_1096:AMISULPRIDE	0	847	12492	31847923
DRUG_1097:RIGOSERTIB SODIUM	0	0	12492	31847923
DRUG_1098:ATOPAXAR	0	30	12492	31847923
DRUG_1099:VORAPAXAR SULFATE	0	3	12492	31847923
DRUG_1100:VORAPAXAR	0	235	12492	31847923
DRUG_1101:BLEOMYCIN	2	12258	12492	31847923
DRUG_1102:DALTEPARIN	0	861	12492	31847923
DRUG_1103:THALIDOMIDE	0	6679	12492	31847923
DRUG_1104:ARGATROBAN	0	1040	12492	31847923
DRUG_1105:LEPIRUDIN	0	392	12492	31847923
DRUG_1106:RUSALATIDE	0	3	12492	31847923
DRUG_1107:ARSENIC TRIOXIDE	0	3125	12492	31847923
DRUG_1108:FOTEMUSTINE	0	290	12492	31847923
DRUG_1109:SPERMIDINE	3	5186	12492	31847923
DRUG_1110:KU-55933	0	67	12492	31847923
DRUG_1111:BERZOSERTIB	0	7	12492	31847923
DRUG_1112:AZD-0156	0	0	12492	31847923
DRUG_1113:PACLITAXEL	1	24415	12492	31847923
DRUG_1114:BINIMETINIB	0	103	12492	31847923
DRUG_1115:VELIPARIB	0	224	12492	31847923
DRUG_1116:SELUMETINIB	0	283	12492	31847923
DRUG_1117:CHEMBL374632	0	0	12492	31847923
DRUG_1118:NIRAPARIB	0	176	12492	31847923
DRUG_1119:OLAPARIB	0	1040	12492	31847923
DRUG_1120:CHEMBL299853	0	0	12492	31847923
DRUG_1121:ENPIROLINE	0	6	12492	31847923
DRUG_1122:ESTRADIOL BENZOATE	5	2539	12492	31847923
DRUG_1123:CHEMBL74852	0	0	12492	31847923
DRUG_1124:2X-121	0	2	12492	31847923
DRUG_1125:CERALASERTIB	0	3	12492	31847923
DRUG_1126:TALAZOPARIB	0	127	12492	31847923
DRUG_1127:IBRUTINIB	1	1880	12492	31847923
DRUG_1128:FLUNARIZINE DIHYDROCHLORIDE	0	10	12492	31847923
DRUG_1129:EVEROLIMUS	0	5782	12492	31847923
DRUG_1130:TRAMETINIB	0	816	12492	31847923
DRUG_1131:NAFTIFINE HYDROCHLORIDE	0	12	12492	31847923
DRUG_1132:MITOTANE	0	572	12492	31847923
DRUG_1133:CHEMBL578061	0	0	12492	31847923
DRUG_1134:VANDETANIB	0	585	12492	31847923
DRUG_1135:CHEMBL601933	0	0	12492	31847923
DRUG_1136:SCHISANHENOL	0	29	12492	31847923
DRUG_1137:HEPTACHLOR	0	912	12492	31847923
DRUG_1138:FLUDARABINE	0	4807	12492	31847923
DRUG_1139:CHEMBL606460	0	0	12492	31847923
DRUG_1140:CHEMBL1329443	0	0	12492	31847923
DRUG_1141:PERMETHRIN	0	2189	12492	31847923
DRUG_1142:PROTOPORPHYRIN DISODIUM	0	4	12492	31847923
DRUG_1143:CHEMBL375673	0	0	12492	31847923
DRUG_1144:TEMOZOLOMIDE	0	6402	12492	31847923
DRUG_1145:AZD-6482	0	1	12492	31847923
DRUG_1146:METFORMIN	14	17853	12492	31847923
DRUG_1147:BENDAMUSTINE	0	1133	12492	31847923
DRUG_1148:CHEMBL1086377	0	0	12492	31847923
DRUG_1149:USTEKINUMAB	0	1547	12492	31847923
DRUG_1150:BRIAKINUMAB	0	35	12492	31847923
DRUG_1151:MIRIKIZUMAB	0	13	12492	31847923
DRUG_1152:APILIMOD	0	19	12492	31847923
DRUG_1153:CHLORPROPAMIDE	0	1081	12492	31847923
DRUG_1154:GLIMEPIRIDE	0	1095	12492	31847923
DRUG_1155:NATEGLINIDE	0	386	12492	31847923
DRUG_1156:TOLBUTAMIDE	0	3040	12492	31847923
DRUG_1157:GLIPIZIDE	3	770	12492	31847923
DRUG_1158:REPAGLINIDE	0	605	12492	31847923
DRUG_1159:TOLBUTAMIDE SODIUM, STERILE	0	0	12492	31847923
DRUG_1160:MITIGLINIDE	0	100	12492	31847923
DRUG_1161:GLYBURIDE	0	1174	12492	31847923
DRUG_1162:GLIQUIDONE	0	102	12492	31847923
DRUG_1163:ACETOHEXAMIDE	0	162	12492	31847923
DRUG_1164:TOLAZAMIDE	0	110	12492	31847923
DRUG_1165:GLICLAZIDE	0	979	12492	31847923
DRUG_1166:NAMINIDIL	0	0	12492	31847923
DRUG_1167:SARAKALIM	0	0	12492	31847923
DRUG_1168:BERBERRUBINE	0	57	12492	31847923
DRUG_1169:OXCARBAZEPINE	0	1606	12492	31847923
DRUG_1170:TETRACAINE HYDROCHLORIDE	0	64	12492	31847923
DRUG_1171:PROCAINAMIDE HYDROCHLORIDE	0	61	12492	31847923
DRUG_1172:LIDOCAINE	11	15198	12492	31847923
DRUG_1173:MEPHENYTOIN	0	541	12492	31847923
DRUG_1174:QUINIDINE POLYGALACTURONATE	0	14	12492	31847923
DRUG_1175:NKTR-171	0	0	12492	31847923
DRUG_1176:PROPARACAINE HYDROCHLORIDE	0	32	12492	31847923
DRUG_1177:ETHOTOIN	0	24	12492	31847923
DRUG_1178:DYCLONINE HYDROCHLORIDE	0	18	12492	31847923
DRUG_1179:QUINIDINE GLUCONATE	0	58	12492	31847923
DRUG_1180:LAMOTRIGINE	1	4249	12492	31847923
DRUG_1181:FOSPHENYTOIN SODIUM	0	9	12492	31847923
DRUG_1182:RILUZOLE	0	1318	12492	31847923
DRUG_1183:MERETHOXYLLINE PROCAINE	0	2	12492	31847923
DRUG_1184:TOCAINIDE HYDROCHLORIDE	0	4	12492	31847923
DRUG_1185:IRAMPANEL	0	1	12492	31847923
DRUG_1186:PROPOXYCAINE HYDROCHLORIDE	0	2	12492	31847923
DRUG_1187:SAXITOXIN	0	950	12492	31847923
DRUG_1188:INDECAINIDE HYDROCHLORIDE	0	3	12492	31847923
DRUG_1189:EVENAMIDE	0	0	12492	31847923
DRUG_1190:DRONEDARONE HYDROCHLORIDE	0	14	12492	31847923
DRUG_1191:BENOXINATE HYDROCHLORIDE	0	7	12492	31847923
DRUG_1192:ESLICARBAZEPINE	0	307	12492	31847923
DRUG_1193:PHENACEMIDE	0	23	12492	31847923
DRUG_1194:ERLOSAMIDE	0	2	12492	31847923
DRUG_1195:CHLOROPROCAINE HYDROCHLORIDE	0	12	12492	31847923
DRUG_1196:PRILOCAINE	0	1104	12492	31847923
DRUG_1197:ETIDOCAINE HYDROCHLORIDE	0	6	12492	31847923
DRUG_1198:PHENYTOIN SODIUM	1	197	12492	31847923
DRUG_1199:RUFINAMIDE	0	228	12492	31847923
DRUG_1200:HEXYLCAINE HYDROCHLORIDE	0	7	12492	31847923
DRUG_1201:LIDOCAINE HYDROCHLORIDE	0	466	12492	31847923
DRUG_1202:MEPIVACAINE HYDROCHLORIDE	0	47	12492	31847923
DRUG_1203:MEXILETINE HYDROCHLORIDE	0	34	12492	31847923
DRUG_1204:TETRACAINE	1	1356	12492	31847923
DRUG_1205:ROPIVACAINE HYDROCHLORIDE	0	46	12492	31847923
DRUG_1206:QUINIDINE SULFATE	0	153	12492	31847923
DRUG_1207:VERATRIDINE	0	1322	12492	31847923
DRUG_1208:PRILOCAINE HYDROCHLORIDE	0	32	12492	31847923
DRUG_1209:CARBAMAZEPINE	1	11154	12492	31847923
DRUG_1210:ZONISAMIDE	0	1098	12492	31847923
DRUG_1211:ESLICARBAZEPINE ACETATE	0	228	12492	31847923
DRUG_1212:DISOPYRAMIDE PHOSPHATE	0	98	12492	31847923
DRUG_1213:MORICIZINE HYDROCHLORIDE	0	12	12492	31847923
DRUG_1214:ARTICAINE HYDROCHLORIDE	0	34	12492	31847923
DRUG_1215:PROCAINE HYDROCHLORIDE	0	235	12492	31847923
DRUG_1216:PHENYTOIN	1	8619	12492	31847923
DRUG_1217:SAFINAMIDE	0	140	12492	31847923
DRUG_1218:TETRODOTOXIN	2	10188	12492	31847923
DRUG_1219:FILGRASTIM	0	1606	12492	31847923
DRUG_1220:PLERIXAFOR	0	576	12492	31847923
