target	targ_and_kp	targ_tot	kp_tot	db_tot	fet_p_value	targ_and_kp_ratio	prediction_score
DRUG_820:FINASTERIDE	36	2205	399	31847923	2.9789534301007836e-99	0.0163265306122449	96.73883019300932
DRUG_821:DUTASTERIDE	30	766	399	31847923	1.999499822057802e-94	0.0391644908616188	92.29197111526685
DRUG_1081:TESTOSTERONE	22	59389	399	31847923	3.755052369434787e-25	0.0003704389701796629	20.994100669968944
DRUG_104:TOLTERODINE	3	796	399	31847923	1.6223392906224173e-07	0.0037688442211055275	4.366066500710033
DRUG_1090:ESTRADIOL	8	60526	399	31847923	1.3074979770652615e-06	0.0001321746026501008	2.004706987873236
DRUG_715:IMATINIB	3	11843	399	31847923	0.00048388844815451136	0.00025331419403867264	-0.2810857289014166
DRUG_651:MIRABEGRON	1	491	399	31847923	0.006132593816856623	0.002036659877800407	-0.4787256929201016
DRUG_101:SOLIFENACIN	1	622	399	31847923	0.007762435867488306	0.001607717041800643	-0.6837884097903029
DRUG_6:ETOPOSIDE	3	15433	399	31847923	0.0010358980936775182	0.00019438864770297414	-0.7266461353217362
