target	targ_and_kp	targ_tot	kp_tot	db_tot	fet_p_value	targ_and_kp_ratio	prediction_score
DRUG_2:PROGESTERONE	1	61572	250	31847923	0.3835622507680799	1.6241148574027155e-05	-4.373219119134288
DRUG_9:DOCETAXEL	1	12823	250	31847923	0.09577650850426127	7.79848709350386e-05	-3.0892486432245567
DRUG_860:IBUPROFEN	2	10571	250	31847923	0.0032463001509873066	0.00018919685933213508	-1.2344747491197667
DRUG_1035:ALCOHOL	1	178413	250	31847923	0.7544980283031105	5.6049727318076595e-06	-5.12908460509673
DRUG_1078:ADENOSINE	1	88017	250	31847923	0.4993638009116748	1.1361441539702558e-05	-4.642983618814944
DRUG_1080:ADENOSINE TRIPHOSPHATE	1	14694	250	31847923	0.10896548716360928	6.805498843065197e-05	-3.2044290003494105
DRUG_1081:TESTOSTERONE	2	59389	250	31847923	0.07998395410420181	3.367627001633299e-05	-3.375678887170441
DRUG_1090:ESTRADIOL	2	60526	250	31847923	0.08260585727935083	3.30436506625252e-05	-3.397922820492851
DRUG_1119:OLAPARIB	1	1040	250	31847923	0.008130728189402817	0.0009615384615384616	-0.9271627821225361
