target	target_with_keyphrase_count	target_count	keyphrase_count	db_article_count	fet_p_value	target_and_keyphrase_ratio	fet_p_value_and_ratio	phenotypes
DRUG_15:BICALUTAMIDE	830	1122	103287	31847923	0.0	0.7397504456327986	322.87427058290774	Prostate_cancer
DRUG_17:ESTRAMUSTINE	436	833	103287	31847923	0.0	0.5234093637454982	322.7240268353136	Prostate_cancer
DRUG_821:DUTASTERIDE	292	766	12492	31847923	0.0	0.381201044386423	322.58633942926764	prostatic_hyperplasia
DRUG_821:DUTASTERIDE	252	766	103287	31847923	0.0	0.3289817232375979	322.5223571186007	Prostate_cancer
DRUG_820:FINASTERIDE	680	2205	12492	31847923	0.0	0.30839002267573695	322.4942856663542	prostatic_hyperplasia
DRUG_12:FLUTAMIDE	580	2388	103287	31847923	0.0	0.24288107202680068	322.3905790185574	Prostate_cancer
DRUG_9:DOCETAXEL	2798	12823	103287	31847923	0.0	0.21820166887623801	322.3440434153401	Prostate_cancer
DRUG_820:FINASTERIDE	386	2205	103287	31847923	0.0	0.17505668934240362	322.2483640583197	Prostate_cancer
DRUG_1065:TADALAFIL	205	1818	12492	31847923	0.0	0.11276127612761276	322.0573453296216	prostatic_hyperplasia
DRUG_1081:TESTOSTERONE	2734	59389	103287	31847923	0.0	0.046035461112327196	321.66827784505415	Prostate_cancer
DRUG_1081:TESTOSTERONE	794	59389	12492	31847923	0.0	0.013369479196484197	321.1312998372494	prostatic_hyperplasia
DRUG_14:GENISTEIN	269	8550	103287	31847923	1.4006630723808101e-164	0.031461988304093566	162.35145248637937	Prostate_cancer
DRUG_1113:PACLITAXEL	424	24415	103287	31847923	6.723758171638028e-163	0.01736637313127176	160.41209704286783	Prostate_cancer
DRUG_16:NILUTAMIDE	77	148	103287	31847923	3.5419131681763136e-149	0.5202702702702703	148.16699109974564	Prostate_cancer
DRUG_1090:ESTRADIOL	198	60526	12492	31847923	1.4382044915404552e-109	0.0032713214155899945	106.35690257602143	prostatic_hyperplasia
DRUG_50:CAPROMAB	48	78	103287	31847923	1.038900749610548e-98	0.6153846153846154	97.77257257505416	Prostate_cancer
DRUG_820:FINASTERIDE	36	2205	399	31847923	2.9789534301007836e-99	0.0163265306122449	96.73883019300932	enlarged_prostate
DRUG_821:DUTASTERIDE	30	766	399	31847923	1.999499822057802e-94	0.0391644908616188	92.29197111526685	enlarged_prostate
DRUG_712:DOXORUBICIN	398	35385	103287	31847923	6.84554963842802e-95	0.011247703829306203	92.21565554817181	Prostate_cancer
DRUG_1119:OLAPARIB	80	1040	103287	31847923	4.797872433904094e-80	0.07692307692307693	78.2050079509534	Prostate_cancer
DRUG_7:ANDROSTENEDIONE	152	6293	103287	31847923	3.4495369196757417e-78	0.024153821706658193	75.84522505872636	Prostate_cancer
DRUG_321:CURCUMIN	217	13503	103287	31847923	2.381775795225816e-78	0.01607050285121825	75.82912858875774	Prostate_cancer
DRUG_6:ETOPOSIDE	220	15433	103287	31847923	2.6227691359038076e-70	0.014255167498218105	67.73521226028073	Prostate_cancer
DRUG_104:TOLTERODINE	39	796	12492	31847923	2.5847142656593174e-67	0.048994974874371856	65.2777389994822	prostatic_hyperplasia
DRUG_1090:ESTRADIOL	485	60526	103287	31847923	7.318660948280085e-68	0.00801308528566236	65.03936813703467	Prostate_cancer
DRUG_1146:METFORMIN	231	17853	103287	31847923	2.9872747433817914e-66	0.012939001848428836	63.63662560786181	Prostate_cancer
DRUG_3:ABARELIX	28	38	103287	31847923	9.255995267627166e-62	0.7368421052631579	60.900951310826215	Prostate_cancer
DRUG_101:SOLIFENACIN	33	622	12492	31847923	2.2532966450108425e-58	0.05305466237942122	56.37190518511852	prostatic_hyperplasia
DRUG_51:SURAMIN	91	2897	103287	31847923	7.187195044924257e-57	0.03141180531584398	54.640533466288005	Prostate_cancer
DRUG_227:RESVERATROL	160	11337	103287	31847923	4.187863611835207e-51	0.01411308106200935	48.52762930665903	Prostate_cancer
DRUG_7:ANDROSTENEDIONE	49	6293	12492	31847923	1.9211112538920862e-45	0.00778642936596218	42.60778583216876	prostatic_hyperplasia
DRUG_651:MIRABEGRON	21	491	12492	31847923	9.930006118281767e-36	0.04276985743380855	33.634188286528946	prostatic_hyperplasia
DRUG_362:CISPLATIN	337	48109	103287	31847923	1.8986109937412062e-36	0.007004926313163857	33.566967579888185	Prostate_cancer
DRUG_10:SELENOMETHIONINE	50	1840	103287	31847923	3.4476739543003285e-29	0.02717391304347826	26.896625993356967	Prostate_cancer
DRUG_442:CARBOPLATIN	124	11721	103287	31847923	1.6947112557891758e-28	0.010579302107328726	25.795361305292044	Prostate_cancer
DRUG_1081:TESTOSTERONE	22	59389	399	31847923	3.755052369434787e-25	0.0003704389701796629	20.994100669968944	enlarged_prostate
DRUG_179:APIGENIN	49	2403	103287	31847923	2.7771119103021766e-23	0.02039117769454848	20.865848928196925	Prostate_cancer
DRUG_12:FLUTAMIDE	22	2388	12492	31847923	7.75073396905924e-23	0.009212730318257957	20.075045527649642	prostatic_hyperplasia
DRUG_1103:THALIDOMIDE	80	6679	103287	31847923	4.068208168771959e-22	0.011977840994160802	19.468975376013006	Prostate_cancer
DRUG_11:VINBLASTINE	77	6392	103287	31847923	1.7111899641243904e-21	0.01204630788485607	18.8475557343684	Prostate_cancer
DRUG_714:RUCAPARIB	17	183	103287	31847923	1.102977653367616e-19	0.09289617486338798	17.92543111804487	Prostate_cancer
DRUG_262:QUERCETIN	109	11965	103287	31847923	1.8360747385765228e-20	0.009109903886335145	17.695623439536217	Prostate_cancer
DRUG_489:HEMATOXYLIN	42	18306	12492	31847923	5.448492176623285e-19	0.0022943297279580466	15.624379500732713	prostatic_hyperplasia
DRUG_216:GOSSYPOL	34	1548	103287	31847923	1.3311987727448839e-17	0.021963824289405683	15.217465052132123	Prostate_cancer
DRUG_136:OXYBUTYNIN	14	1022	12492	31847923	1.993562371610716e-17	0.0136986301369863	14.837047312109565	prostatic_hyperplasia
DRUG_1065:TADALAFIL	36	1818	103287	31847923	3.7658874911551964e-17	0.019801980198019802	14.720841280895423	Prostate_cancer
DRUG_446:FENRETINIDE	19	492	103287	31847923	9.647788059938664e-15	0.03861788617886179	12.602360743751138	Prostate_cancer
DRUG_1092:INSULIN	1189	289830	103287	31847923	2.2252513734755095e-15	0.004102404858020219	12.265659440024487	Prostate_cancer
DRUG_506:GEFITINIB	59	5448	103287	31847923	7.0592332118527135e-15	0.010829662261380322	12.185857383066166	Prostate_cancer
DRUG_180:LAPACHONE	17	420	103287	31847923	1.1265225401360778e-13	0.04047619047619048	11.555459745210104	Prostate_cancer
DRUG_74:FESOTERODINE	8	236	12492	31847923	1.0930433181956818e-13	0.03389830508474576	11.49154061028754	prostatic_hyperplasia
DRUG_968:NITRIC OXIDE	115	128650	12492	31847923	4.2212262704724126e-15	0.0008938981733385154	11.325849417533481	prostatic_hyperplasia
DRUG_488:NICLOSAMIDE	18	522	103287	31847923	3.2195761795827947e-13	0.034482758620689655	11.02980329654896	Prostate_cancer
DRUG_44:BORTEZOMIB	63	6845	103287	31847923	1.01935968791194e-12	0.009203798392987583	9.955639642209569	Prostate_cancer
DRUG_1079:SPERMINE	56	5785	103287	31847923	2.632042530296748e-12	0.009680207433016421	9.565591761100237	Prostate_cancer
DRUG_5:TAMOXIFEN	117	17918	103287	31847923	6.663423744300922e-12	0.0065297466235070874	8.991198897438887	Prostate_cancer
DRUG_569:ELLAGIC ACID	27	1710	103287	31847923	4.7724316723246714e-11	0.015789473684210527	8.519627934520884	Prostate_cancer
DRUG_549:FISETIN	17	643	103287	31847923	8.922024017848048e-11	0.026438569206842923	8.471774560437847	Prostate_cancer
DRUG_1115:VELIPARIB	11	224	103287	31847923	3.082135593281897e-10	0.049107142857142856	8.202292925978727	Prostate_cancer
DRUG_567:PLUMBAGIN	15	506	103287	31847923	2.35268848794544e-10	0.029644268774703556	8.100376314794417	Prostate_cancer
DRUG_498:LUTEOLIN	32	2524	103287	31847923	2.071142068681795e-10	0.012678288431061807	7.786850737676963	Prostate_cancer
DRUG_306:HAEMATOXYLIN	34	2853	103287	31847923	2.8149142587047935e-10	0.011917280056081317	7.626711974453048	Prostate_cancer
DRUG_489:HEMATOXYLIN	114	18306	103287	31847923	1.8455858287183617e-10	0.006227466404457555	7.528177146503196	Prostate_cancer
DRUG_819:ASPIRIN	195	36929	103287	31847923	1.610312207700633e-10	0.0052804029353624524	7.515756978498734	Prostate_cancer
DRUG_546:PTEROSTILBENE	14	480	103287	31847923	1.1365043041264613e-09	0.029166666666666667	7.409315713494779	Prostate_cancer
DRUG_379:PICEATANNOL	14	541	103287	31847923	5.160526372555753e-09	0.025878003696857672	6.700236768743415	Prostate_cancer
DRUG_724:GANCICLOVIR	49	5730	103287	31847923	3.1227263548504644e-09	0.008551483420593368	6.437507529477864	Prostate_cancer
DRUG_594:RALOXIFENE	31	2732	103287	31847923	5.101991748210386e-09	0.011346998535871157	6.347141246963707	Prostate_cancer
DRUG_21:CARBACHOL	20	9207	12492	31847923	1.86008006213256e-09	0.002172260236776366	6.067380214856909	prostatic_hyperplasia
DRUG_113:BETHANECHOL	8	966	12492	31847923	7.318504565547835e-09	0.008281573498964804	6.053690512479813	prostatic_hyperplasia
DRUG_1092:INSULIN	184	289830	12492	31847923	7.000212254811501e-10	0.0006348549149501432	5.957563277638101	prostatic_hyperplasia
DRUG_4:MIFEPRISTONE	30	2747	103287	31847923	2.0501986538253534e-08	0.010921004732435385	5.726466651277367	Prostate_cancer
DRUG_131:TROSPIUM	5	238	12492	31847923	5.244625686789818e-08	0.02100840336134454	5.602678549595048	prostatic_hyperplasia
DRUG_338:LINOLENIC ACID	50	6290	103287	31847923	2.1131010875267522e-08	0.00794912559618442	5.575399085357156	Prostate_cancer
DRUG_230:CAFFEIC ACID PHENETHYL ESTER	16	876	103287	31847923	5.478037482208212e-08	0.0182648401826484	5.522990876999893	Prostate_cancer
DRUG_854:TROGLITAZONE	24	1940	103287	31847923	5.4299322654693006e-08	0.012371134020618556	5.357615099672532	Prostate_cancer
DRUG_264:BAICALEIN	20	1483	103287	31847923	1.7607791811550855e-07	0.013486176668914362	4.884183950007912	Prostate_cancer
DRUG_267:MITOXANTRONE HYDROCHLORIDE	4	31	103287	31847923	3.2452077722402233e-06	0.12903225806451613	4.599455790055679	Prostate_cancer
DRUG_361:EMBELIN	8	236	103287	31847923	1.344830370448466e-06	0.03389830508474576	4.401510475760821	Prostate_cancer
DRUG_104:TOLTERODINE	3	796	399	31847923	1.6223392906224173e-07	0.0037688442211055275	4.366066500710033	enlarged_prostate
DRUG_1076:ASG-5ME	2	3	103287	31847923	3.148517997212599e-05	0.6666666666666666	4.325802560832747	Prostate_cancer
DRUG_762:DEXAMETHASONE	210	44814	103287	31847923	2.652351806811741e-07	0.004686035613870665	4.247174456723408	Prostate_cancer
DRUG_1126:TALAZOPARIB	6	127	103287	31847923	4.299418371999182e-06	0.047244094488188976	4.040937821503054	Prostate_cancer
DRUG_472:CRYPTOTANSHINONE	9	405	103287	31847923	9.277429415292722e-06	0.022222222222222223	3.379359827398445	Prostate_cancer
DRUG_54:MIPSAGARGIN	2	6	103287	31847923	0.0001564075706726977	0.3333333333333333	3.3286209746779747	Prostate_cancer
DRUG_1118:NIRAPARIB	6	176	103287	31847923	2.751648853694137e-05	0.03409090909090909	3.0930455711139837	Prostate_cancer
DRUG_1134:VANDETANIB	10	585	103287	31847923	2.8579371002670478e-05	0.017094017094017096	2.7767914676530494	Prostate_cancer
DRUG_320:ARACHIDONIC ACID	136	28228	103287	31847923	8.125882513308697e-06	0.004817911293750886	2.7729882607452927	Prostate_cancer
DRUG_375:COUMESTROL	8	372	103287	31847923	3.633608609270657e-05	0.021505376344086023	2.772208901239915	Prostate_cancer
DRUG_715:IMATINIB	67	11843	103287	31847923	1.7745415833073982e-05	0.0056573503335303555	2.503526892679422	Prostate_cancer
DRUG_281:ROTTLERIN	12	916	103287	31847923	6.251763691974649e-05	0.013100436681222707	2.32128321845345	Prostate_cancer
DRUG_410:WORTMANNIN	41	6243	103287	31847923	3.20082241424303e-05	0.006567355438090661	2.3121289421940676	Prostate_cancer
DRUG_965:AZACITIDINE	14	1216	103287	31847923	6.334117460024538e-05	0.011513157894736841	2.2595083480637737	Prostate_cancer
DRUG_2:PROGESTERONE	49	61572	12492	31847923	5.727794247427918e-06	0.0007958162801273306	2.142825410376893	prostatic_hyperplasia
DRUG_306:HAEMATOXYLIN	8	2853	12492	31847923	2.2504562455574737e-05	0.0028040658955485456	2.0955176417385175	prostatic_hyperplasia
DRUG_451:ISOLIQUIRITIGENIN	8	465	103287	31847923	0.00016886790503168431	0.017204301075268817	2.0080899185282655	Prostate_cancer
DRUG_1090:ESTRADIOL	8	60526	399	31847923	1.3074979770652615e-06	0.0001321746026501008	2.004706987873236	enlarged_prostate
DRUG_705:FLUOROURACIL	138	30229	103287	31847923	7.847894758912173e-05	0.004565152667967845	1.7647021353252157	Prostate_cancer
DRUG_91:FLAVOXATE	2	115	12492	31847923	0.0009791082849029409	0.017391304347826087	1.2495014298655467	prostatic_hyperplasia
DRUG_1021:CLIOQUINOL	7	464	103287	31847923	0.0009170732574323175	0.015086206896551725	1.2161760301930096	Prostate_cancer
DRUG_1091:ROQUINIMEX	2	30	103287	31847923	0.004307163721539951	0.06666666666666667	1.189717360704825	Prostate_cancer
DRUG_580:PROTOPORPHYRIN	38	6388	103287	31847923	0.00040828302686954235	0.005948653725735754	1.1634573633300294	Prostate_cancer
DRUG_507:PROTOAPIGENONE	2	31	103287	31847923	0.004594330442958656	0.06451612903225806	1.1474460736192627	Prostate_cancer
DRUG_364:CHOLECALCIFEROL	15	1712	103287	31847923	0.00064140584446042	0.008761682242990653	1.135454585832842	Prostate_cancer
DRUG_126:TIOTROPIUM	5	1421	12492	31847923	0.0002808924661705825	0.003518648838845883	1.0978358352825182	prostatic_hyperplasia
DRUG_538:DIHYDROXANTHOHUMOL	1	6	103287	31847923	0.019301702109966255	0.16666666666666666	0.9362531409002273	Prostate_cancer
DRUG_1077:ADENOSINE DIPHOSPHATE	36	6203	103287	31847923	0.0008685618282447355	0.005803643398355635	0.8248999806306268	Prostate_cancer
DRUG_49:ADRIAMYCIN	60	11888	103287	31847923	0.0008084239701493122	0.0050471063257065945	0.7954032718981932	Prostate_cancer
DRUG_1129:EVEROLIMUS	34	5782	103287	31847923	0.0009550325400582375	0.00588031822898651	0.7893826605039984	Prostate_cancer
DRUG_325:CATECHIN	28	4520	103287	31847923	0.0012153764885927828	0.006194690265486726	0.7073087658468227	Prostate_cancer
DRUG_193:TANSHINONE I	4	198	103287	31847923	0.0041739536761767	0.020202020202020204	0.6848471762441546	Prostate_cancer
DRUG_259:TANSHINONE IIA	10	1029	103287	31847923	0.0023292603548894335	0.009718172983479106	0.6203665903858835	Prostate_cancer
DRUG_60:MENTHOL	16	2104	103287	31847923	0.0018421167807698073	0.0076045627376425855	0.615757088394675	Prostate_cancer
DRUG_214:KAEMPFEROL	19	2759	103287	31847923	0.0022380955182902964	0.006886553098948894	0.4881232829009865	Prostate_cancer
DRUG_484:SHIKONIN	7	627	103287	31847923	0.004866852613338869	0.011164274322169059	0.36058230481651754	Prostate_cancer
DRUG_861:GALUNISERTIB	2	63	103287	31847923	0.018020154351349987	0.031746031746031744	0.24593093960883805	Prostate_cancer
DRUG_1107:ARSENIC TRIOXIDE	20	3125	103287	31847923	0.0039267896892157764	0.0064	0.21214233201037125	Prostate_cancer
DRUG_96:STAUROSPORINE	35	6604	103287	31847923	0.004235792689811866	0.0052998182919442765	0.09732628325182224	Prostate_cancer
DRUG_1157:GLIPIZIDE	3	770	12492	31847923	0.0036554398303358707	0.003896103896103896	0.027690889868715818	prostatic_hyperplasia
DRUG_756:DISULFIRAM	16	2403	103287	31847923	0.0064373004898161616	0.006658343736995423	0.014662429610873051	Prostate_cancer
DRUG_970:ISOSORBIDE MONONITRATE	2	307	12492	31847923	0.006674725347918155	0.006514657980456026	-0.010541779836691134	prostatic_hyperplasia
DRUG_8:OCTREOTIDE	31	5975	103287	31847923	0.00892337773583744	0.005188284518828452	-0.2355054932970133	Prostate_cancer
DRUG_236:NIFUROXAZIDE	2	93	103287	31847923	0.0370411193567242	0.021505376344086023	-0.23613705517369699	Prostate_cancer
DRUG_1122:ESTRADIOL BENZOATE	5	2539	12492	31847923	0.003586584914602395	0.0019692792437967705	-0.26037381401968407	prostatic_hyperplasia
DRUG_715:IMATINIB	3	11843	399	31847923	0.00048388844815451136	0.00025331419403867264	-0.2810857289014166	enlarged_prostate
DRUG_2:PROGESTERONE	235	61572	103287	31847923	0.007872523106405415	0.0038166699148963813	-0.31442934242637666	Prostate_cancer
DRUG_307:GOSSYPETIN	1	28	103287	31847923	0.08694146567295082	0.03571428571428571	-0.3863849886636741	Prostate_cancer
DRUG_1109:SPERMIDINE	27	5186	103287	31847923	0.013293131353536304	0.00520632472040108	-0.4070960444447236	Prostate_cancer
DRUG_765:ATORVASTATIN	37	7628	103287	31847923	0.01246383816217523	0.004850550603041426	-0.40986076153641116	Prostate_cancer
DRUG_551:CAPSAZEPINE	8	1036	103287	31847923	0.02150958630764927	0.007722007722007722	-0.4449018261300306	Prostate_cancer
DRUG_139:DARIFENACIN	3	227	103287	31847923	0.038424835285687714	0.013215859030837005	-0.4635166169752303	Prostate_cancer
DRUG_651:MIRABEGRON	1	491	399	31847923	0.006132593816856623	0.002036659877800407	-0.4787256929201016	enlarged_prostate
DRUG_0:ECALLANTIDE	2	118	103287	31847923	0.0567089950793071	0.01694915254237288	-0.5245039630124564	Prostate_cancer
DRUG_218:CYSTAMINE DIHYDROCHLORIDE	1	33	103287	31847923	0.10165161394328366	0.030303030303030304	-0.5256282182882243	Prostate_cancer
DRUG_328:SEMAXANIB	1	34	103287	31847923	0.10456505591403698	0.029411764705882353	-0.550865491064647	Prostate_cancer
DRUG_430:MANGOSTIN	4	387	103287	31847923	0.03847844548538905	0.0103359173126615	-0.5708684920786933	Prostate_cancer
DRUG_15:BICALUTAMIDE	3	1122	12492	31847923	0.010229787403246935	0.00267379679144385	-0.5827382104428338	prostatic_hyperplasia
DRUG_101:SOLIFENACIN	1	622	399	31847923	0.007762435867488306	0.001607717041800643	-0.6837884097903029	enlarged_prostate
DRUG_244:GALLIC ACID	22	4262	103287	31847923	0.025392041437985905	0.005161895823557016	-0.6918883827046964	Prostate_cancer
DRUG_1082:VASOACTIVE INTESTINAL PEPTIDE	31	6467	103287	31847923	0.02359736829571776	0.004793567341889593	-0.692204737948269	Prostate_cancer
DRUG_477:MENADIONE	12	1988	103287	31847923	0.031936486663781134	0.006036217303822937	-0.7235222716627903	Prostate_cancer
DRUG_6:ETOPOSIDE	3	15433	399	31847923	0.0010358980936775182	0.00019438864770297414	-0.7266461353217362	enlarged_prostate
DRUG_531:NORDIHYDROGUAIARETIC ACID	10	1563	103287	31847923	0.03415268426416426	0.006397952655150352	-0.7273838211846513	Prostate_cancer
DRUG_534:NOREPINEPHRINE	27	38689	12492	31847923	0.0038208317922906795	0.0006978727803768513	-0.7383816592330286	prostatic_hyperplasia
DRUG_188:CALCIMYCIN	2	148	103287	31847923	0.08394374230892261	0.013513513513513514	-0.7932200463873154	Prostate_cancer
DRUG_476:EMODIN	10	1623	103287	31847923	0.04215268864223247	0.0061614294516327784	-0.8351438004535607	Prostate_cancer
DRUG_14:GENISTEIN	9	8550	12492	31847923	0.007607474873688269	0.0010526315789473684	-0.858964131913984	prostatic_hyperplasia
DRUG_1080:ADENOSINE TRIPHOSPHATE	13	14694	12492	31847923	0.006439200183529946	0.0008847148495984755	-0.8620286099633181	prostatic_hyperplasia
DRUG_373:PIPLARTINE	1	51	103287	31847923	0.15267302964437524	0.0196078431372549	-0.8913324999183071	Prostate_cancer
DRUG_1119:OLAPARIB	1	1040	250	31847923	0.008130728189402817	0.0009615384615384616	-0.9271627821225361	hereditary_prostate_cancer
DRUG_1067:ZAPRINAST	2	646	12492	31847923	0.027131401316709183	0.0030959752321981426	-0.9426747476591373	prostatic_hyperplasia
DRUG_210:DAMNACANTHAL	1	57	103287	31847923	0.1690279050800635	0.017543859649122806	-0.9838332645575227	Prostate_cancer
DRUG_235:ETHACRIDINE LACTATE	1	62	103287	31847923	0.18241557136337203	0.016129032258064516	-1.0534535973313703	Prostate_cancer
DRUG_82:IPRATROPIUM	3	1519	12492	31847923	0.022673290840750728	0.0019749835418038184	-1.0599510780987547	prostatic_hyperplasia
DRUG_811:DEQUALINIUM	2	189	103287	31847923	0.12597461009995936	0.010582010582010581	-1.0757148313680025	Prostate_cancer
DRUG_473:JUGLONE	3	346	103287	31847923	0.10378535743441715	0.008670520231213872	-1.0780909294352108	Prostate_cancer
DRUG_1084:ALDESLEUKIN	1	64	103287	31847923	0.1877100445951009	0.015625	-1.0796674868583334	Prostate_cancer
DRUG_77:ATROPINE SULFATE	2	727	12492	31847923	0.03366368679212236	0.002751031636863824	-1.0876660926635484	prostatic_hyperplasia
DRUG_216:GOSSYPOL	3	1548	12492	31847923	0.023800279892739546	0.001937984496124031	-1.0892317660432844	prostatic_hyperplasia
DRUG_1110:KU-55933	1	67	103287	31847923	0.1955875443981132	0.014925373134328358	-1.1174159968568675	Prostate_cancer
DRUG_1198:PHENYTOIN SODIUM	1	197	12492	31847923	0.07437536757343476	0.005076142131979695	-1.1658953512473746	prostatic_hyperplasia
DRUG_15:BICALUTAMIDE	1	1122	399	31847923	0.013958734973369741	0.00089126559714795	-1.1948389185469002	enlarged_prostate
DRUG_1146:METFORMIN	14	17853	12492	31847923	0.012808350758945788	0.0007841819302078082	-1.2130763816113401	prostatic_hyperplasia
DRUG_860:IBUPROFEN	2	10571	250	31847923	0.0032463001509873066	0.00018919685933213508	-1.2344747491197667	hereditary_prostate_cancer
DRUG_1035:ALCOHOL	91	178413	12492	31847923	0.008839503071569653	0.0005100525185944971	-1.2388129546458724	prostatic_hyperplasia
DRUG_348:LAVENDUSTIN A	2	219	103287	31847923	0.15920902278474983	0.0091324200913242	-1.2413817958603826	Prostate_cancer
DRUG_139:DARIFENACIN	1	227	12492	31847923	0.08520570382159873	0.004405286343612335	-1.2864945253792148	prostatic_hyperplasia
DRUG_74:FESOTERODINE	2	236	103287	31847923	0.17868401097076694	0.00847457627118644	-1.3239676999469836	Prostate_cancer
DRUG_131:TROSPIUM	2	238	103287	31847923	0.18099907579677854	0.008403361344537815	-1.333223318707108	Prostate_cancer
DRUG_511:CARNOSIC ACID	3	423	103287	31847923	0.1594949141629368	0.0070921985815602835	-1.3519659518593172	Prostate_cancer
DRUG_101:SOLIFENACIN	4	622	103287	31847923	0.145705900505825	0.006430868167202572	-1.3552075326773412	Prostate_cancer
DRUG_69:ILOMASTAT	1	92	103287	31847923	0.25833187069698343	0.010869565217391304	-1.3759658162288715	Prostate_cancer
DRUG_1072:DARAPLADIB	1	96	103287	31847923	0.2679064779386022	0.010416666666666666	-1.4102544479504118	Prostate_cancer
DRUG_1182:RILUZOLE	7	1318	103287	31847923	0.14084645467411847	0.005311077389984826	-1.4235632898307355	Prostate_cancer
DRUG_65:ANANDAMIDE	15	3297	103287	31847923	0.12417372701884896	0.004549590536851683	-1.4360574045580488	Prostate_cancer
DRUG_333:BROMOENOL LACTONE	2	265	103287	31847923	0.2126273064085226	0.007547169811320755	-1.4498349157932133	Prostate_cancer
DRUG_1036:METHYLNALTREXONE	2	272	103287	31847923	0.22091584425774644	0.007352941176470588	-1.4777657732998017	Prostate_cancer
DRUG_967:SODIUM NITROPRUSSIDE	9	10765	12492	31847923	0.02869833723429497	0.0008360427310729215	-1.5356282594022606	prostatic_hyperplasia
DRUG_651:MIRABEGRON	3	491	103287	31847923	0.2145015243324852	0.006109979633401222	-1.5453906202029986	Prostate_cancer
DRUG_91:FLAVOXATE	1	115	103287	31847923	0.31172504470484397	0.008695652173913044	-1.5544695362466543	Prostate_cancer
DRUG_819:ASPIRIN	23	36929	12492	31847923	0.023368963426043516	0.0006228167564786482	-1.5742791604146769	prostatic_hyperplasia
DRUG_5:TAMOXIFEN	13	17918	12492	31847923	0.027684938181512516	0.0007255274026118987	-1.5815897380484736	prostatic_hyperplasia
DRUG_573:DIHYDROERGOCRISTINE	1	120	103287	31847923	0.32281376764193437	0.008333333333333333	-1.588133294660904	Prostate_cancer
DRUG_592:CHELERYTHRINE CHLORIDE	2	305	103287	31847923	0.26024473353065336	0.006557377049180328	-1.5986517933093025	Prostate_cancer
DRUG_520:MYRICETIN	6	1210	103287	31847923	0.20286475485228372	0.0049586776859504135	-1.6118407204271294	Prostate_cancer
DRUG_775:ETHOXZOLAMIDE	1	125	103287	31847923	0.3337238226243334	0.008	-1.6202972225547032	Prostate_cancer
DRUG_986:HYDROMORPHONE	2	1178	12492	31847923	0.07889048712509669	0.001697792869269949	-1.6671399324939136	prostatic_hyperplasia
DRUG_191:ARISTOLOCHIC ACID	5	1017	103287	31847923	0.2368833746340931	0.004916420845624385	-1.6828855299593808	Prostate_cancer
DRUG_736:TELMISARTAN	9	2039	103287	31847923	0.22171297571103596	0.004413928396272682	-1.7009658272015966	Prostate_cancer
DRUG_718:CEPHRADINE	1	372	12492	31847923	0.1357925355167865	0.002688172043010753	-1.7034188374186607	prostatic_hyperplasia
DRUG_1089:WARFARIN	13	18683	12492	31847923	0.03662628821069265	0.0006958197291655516	-1.7212961700231437	prostatic_hyperplasia
DRUG_1074:EPOETIN BETA	2	344	103287	31847923	0.3067608056373132	0.005813953488372093	-1.7223283165820762	Prostate_cancer
DRUG_1063:MALEIC ACID	5	1051	103287	31847923	0.2572239024598729	0.004757373929590866	-1.7329440345140021	Prostate_cancer
DRUG_1075:NEOMYCIN	24	6169	103287	31847923	0.21262229323014195	0.0038904198411411897	-1.7376123264395569	Prostate_cancer
DRUG_1172:LIDOCAINE	11	15198	12492	31847923	0.04097036877312296	0.0007237794446637715	-1.7528636280589696	prostatic_hyperplasia
DRUG_49:ADRIAMYCIN	2	11888	399	31847923	0.01002783335104087	0.00016823687752355316	-1.7752859087147301	enlarged_prostate
DRUG_1070:PIROXICAM	3	2474	12492	31847923	0.07489487392784168	0.0012126111560226355	-1.7907305346275675	prostatic_hyperplasia
DRUG_817:CAMOSTAT	1	156	103287	31847923	0.39755083974907535	0.00641025641025641	-1.792517273512083	Prostate_cancer
DRUG_389:TRIMETREXATE	2	371	103287	31847923	0.3386490980746076	0.005390835579514825	-1.798093837236889	Prostate_cancer
DRUG_498:LUTEOLIN	3	2524	12492	31847923	0.07842993854027389	0.0011885895404120444	-1.8194499705382818	prostatic_hyperplasia
DRUG_703:CYCLOPHOSPHAMIDE	130	37554	103287	31847923	0.23958474841674623	0.00346168184481014	-1.8401720177327303	Prostate_cancer
DRUG_12:FLUTAMIDE	1	2388	399	31847923	0.029475721895841987	0.0004187604690117253	-1.8474987727483418	enlarged_prostate
DRUG_381:HELENALIN	1	170	103287	31847923	0.4243352468328111	0.0058823529411764705	-1.8581580287263848	Prostate_cancer
DRUG_857:EBSELEN	4	893	103287	31847923	0.3294697113887848	0.004479283314669653	-1.8666069630267652	Prostate_cancer
DRUG_121:METHOCTRAMINE	1	474	12492	31847923	0.16969251393100915	0.002109704641350211	-1.9054410252989735	prostatic_hyperplasia
DRUG_716:CEFMETAZOLE	1	478	12492	31847923	0.1709944637451183	0.0020920502092050207	-1.9124099461629396	prostatic_hyperplasia
DRUG_594:RALOXIFENE	3	2732	12492	31847923	0.09388731511575292	0.0010980966325036604	-1.9319663600600183	prostatic_hyperplasia
DRUG_264:BAICALEIN	2	1483	12492	31847923	0.11588002818919196	0.0013486176668914363	-1.9341197475434244	prostatic_hyperplasia
DRUG_214:KAEMPFEROL	3	2759	12492	31847923	0.09597924342690448	0.0010873504893077202	-1.9458077679675574	prostatic_hyperplasia
DRUG_830:PHLORETIN	4	959	103287	31847923	0.3774731033364198	0.004171011470281543	-1.9566446274669036	Prostate_cancer
DRUG_612:MESNA	4	969	103287	31847923	0.3847320465034891	0.0041279669762641896	-1.9694221483747576	Prostate_cancer
DRUG_645:CARVEDILOL	3	2817	12492	31847923	0.10053654293722536	0.0010649627263045794	-1.9749895397078023	prostatic_hyperplasia
DRUG_731:CANDESARTAN	9	2371	103287	31847923	0.36412298554780526	0.003795866722901729	-1.9819371395164551	Prostate_cancer
DRUG_112:4-DAMP	1	526	12492	31847923	0.18645978214840042	0.0019011406844106464	-1.9915709166278441	prostatic_hyperplasia
DRUG_816:NAFAMOSTAT	2	466	103287	31847923	0.44622738485072483	0.004291845493562232	-2.0169121403234844	Prostate_cancer
DRUG_691:SPIRONOLACTONE	16	4490	103287	31847923	0.3870300229329188	0.0035634743875278397	-2.0358710140338996	Prostate_cancer
DRUG_1219:FILGRASTIM	6	1606	103287	31847923	0.4206269882887228	0.0037359900373599006	-2.051491425026399	Prostate_cancer
DRUG_253:DOXORUBICIN HYDROCHLORIDE	3	781	103287	31847923	0.4648166082177211	0.0038412291933418692	-2.0828114164582616	Prostate_cancer
DRUG_277:1,2-NAPHTHOQUINONE	1	235	103287	31847923	0.533910249418016	0.00425531914893617	-2.098536120314439	Prostate_cancer
DRUG_447:CHELERYTHRINE	7	1980	103287	31847923	0.46117298469992296	0.0035353535353535356	-2.1154310088452424	Prostate_cancer
DRUG_1196:PRILOCAINE	4	1104	103287	31847923	0.480819446781167	0.0036231884057971015	-2.122891106490344	Prostate_cancer
DRUG_825:CARBENOXOLONE	4	1107	103287	31847923	0.4828947602072829	0.0036133694670280035	-2.12594012253568	Prostate_cancer
DRUG_1130:TRAMETINIB	3	816	103287	31847923	0.49341706437387356	0.003676470588235294	-2.1277830691215565	Prostate_cancer
DRUG_318:NIFEDIPINE	9	13558	12492	31847923	0.09075282698211953	0.0006638147219353887	-2.1358132824770966	prostatic_hyperplasia
DRUG_860:IBUPROFEN	35	10571	103287	31847923	0.4739104420579791	0.003310945038312364	-2.1557443064483133	Prostate_cancer
DRUG_549:FISETIN	1	643	12492	31847923	0.22295865332650094	0.0015552099533437014	-2.1564353054924235	prostatic_hyperplasia
DRUG_75:PROPANTHELINE	1	257	103287	31847923	0.5660571707516934	0.0038910505836575876	-2.162793419692897	Prostate_cancer
DRUG_295:STREPTONIGRIN	1	259	103287	31847923	0.5688673587563707	0.003861003861003861	-2.1683107790255303	Prostate_cancer
DRUG_701:IRINOTECAN	25	7563	103287	31847923	0.4888231400002791	0.0033055665741108025	-2.169905848157759	Prostate_cancer
DRUG_925:ZOLPIDEM	2	1832	12492	31847923	0.1622671039557414	0.001091703056768559	-2.1721259588758306	prostatic_hyperplasia
DRUG_10:SELENOMETHIONINE	2	1840	12492	31847923	0.1633670998401545	0.0010869565217391304	-2.1769524266868148	prostatic_hyperplasia
DRUG_703:CYCLOPHOSPHAMIDE	3	37554	399	31847923	0.012185809095276532	7.988496564946476e-05	-2.1833893173361565	enlarged_prostate
DRUG_726:IRBESARTAN	5	1489	103287	31847923	0.5292587374132136	0.0033579583613163196	-2.1975927298365106	Prostate_cancer
DRUG_1093:LITHIUM	20	36324	12492	31847923	0.08691201399712534	0.0005506001541680432	-2.198243485211446	prostatic_hyperplasia
DRUG_159:BRUCINE	1	283	103287	31847923	0.6012026159401516	0.0035335689045936395	-2.2308072971362685	Prostate_cancer
DRUG_1116:SELUMETINIB	1	283	103287	31847923	0.6012026159401516	0.0035335689045936395	-2.2308072971362685	Prostate_cancer
DRUG_865:MEDROXYPROGESTERONE ACETATE	14	4358	103287	31847923	0.549840344836986	0.0032124827902707664	-2.2333957935045166	Prostate_cancer
DRUG_41:ROSIGLITAZONE	16	4989	103287	31847923	0.5512038655518049	0.0032070555221487274	-2.235205775868479	Prostate_cancer
DRUG_1137:HEPTACHLOR	3	912	103287	31847923	0.5676311815330013	0.003289473684210526	-2.2369398280329573	Prostate_cancer
DRUG_969:ISOSORBIDE DINITRATE	2	1952	12492	31847923	0.17889830155994418	0.0010245901639344263	-2.2420560351113954	prostatic_hyperplasia
DRUG_1003:HYDROCODONE	1	718	12492	31847923	0.24548946818147854	0.001392757660167131	-2.2461573093009606	prostatic_hyperplasia
DRUG_964:FASUDIL	3	927	103287	31847923	0.5786071102590772	0.003236245954692557	-2.25234224563156	Prostate_cancer
DRUG_728:EPROSARTAN	1	293	103287	31847923	0.6139490890114129	0.0034129692832764505	-2.2549999796416555	Prostate_cancer
DRUG_1029:ETHYLKETOCYCLAZOCINE	1	295	103287	31847923	0.6164490723434153	0.003389830508474576	-2.259719219353022	Prostate_cancer
DRUG_344:CARBONYL CYANIDE M-CHLOROPHENYLHYDRAZONE	2	628	103287	31847923	0.6042831829394393	0.0031847133757961785	-2.2781701561753356	Prostate_cancer
DRUG_1144:TEMOZOLOMIDE	20	6402	103287	31847923	0.5961673705084531	0.003124023742580444	-2.280653876642626	Prostate_cancer
DRUG_439:HYPERICIN	3	960	103287	31847923	0.6021251210139684	0.003125	-2.284836724926089	Prostate_cancer
DRUG_9:DOCETAXEL	8	12823	12492	31847923	0.13640732936541405	0.0006238789674803088	-2.339737361500994	prostatic_hyperplasia
DRUG_136:OXYBUTYNIN	3	1022	103287	31847923	0.643903928864082	0.0029354207436399216	-2.3411507160838525	Prostate_cancer
DRUG_958:GLUTETHIMIDE	1	338	103287	31847923	0.6664510665987613	0.0029585798816568047	-2.3526849676264776	Prostate_cancer
DRUG_17:ESTRAMUSTINE	1	833	12492	31847923	0.2787745498509663	0.0012004801920768306	-2.365898124621147	prostatic_hyperplasia
DRUG_1070:PIROXICAM	7	2474	103287	31847923	0.6898970089697836	0.0028294260307194824	-2.387085917357293	Prostate_cancer
DRUG_725:LOSARTAN	5	7395	12492	31847923	0.16826581672826196	0.000676132521974307	-2.3959640718257598	prostatic_hyperplasia
DRUG_220:DIAMIDE	4	1455	103287	31847923	0.6937008133449487	0.0027491408934707906	-2.4019752056920196	Prostate_cancer
DRUG_593:CARBIDOPA	5	1812	103287	31847923	0.6985123348034553	0.0027593818984547464	-2.4033622685885163	Prostate_cancer
DRUG_230:CAFFEIC ACID PHENETHYL ESTER	1	876	12492	31847923	0.2908395860208816	0.001141552511415525	-2.406157623968492	prostatic_hyperplasia
DRUG_823:DIAZOXIDE	2	2358	12492	31847923	0.2366337968479815	0.0008481764206955047	-2.445590577239784	prostatic_hyperplasia
DRUG_321:CURCUMIN	8	13503	12492	31847923	0.16602439705871352	0.0005924609346071244	-2.447512192377567	prostatic_hyperplasia
DRUG_1079:SPERMINE	4	5785	12492	31847923	0.1943590860407487	0.0006914433880726015	-2.448848220117842	prostatic_hyperplasia
DRUG_68:METHIONINE	96	32742	103287	31847923	0.8510708586068995	0.0029320139270661537	-2.462799691283329	Prostate_cancer
DRUG_104:TOLTERODINE	2	796	103287	31847923	0.7295340437323197	0.002512562814070352	-2.462928635143615	Prostate_cancer
DRUG_429:DAUNORUBICIN	11	4160	103287	31847923	0.7885706126873354	0.0026442307692307694	-2.4745412338466846	Prostate_cancer
DRUG_468:EPINEPHRINE	12	22020	12492	31847923	0.16315266763348057	0.0005449591280653951	-2.476230247717389	prostatic_hyperplasia
DRUG_742:OLMESARTAN MEDOXOMIL	1	409	103287	31847923	0.735153462196003	0.0024449877750611247	-2.4781013148848805	Prostate_cancer
DRUG_893:OXAZEPAM	1	975	12492	31847923	0.31785561579397426	0.0010256410256410256	-2.4912345045397	prostatic_hyperplasia
DRUG_1095:PALIPERIDONE	1	1007	12492	31847923	0.32636608179533383	0.0009930486593843098	-2.516734488115396	prostatic_hyperplasia
DRUG_262:QUERCETIN	7	11965	12492	31847923	0.19439351634013619	0.0005850396991224405	-2.5214964386249448	prostatic_hyperplasia
DRUG_244:GALLIC ACID	3	4262	12492	31847923	0.23530885382172084	0.0007038948850305022	-2.5241304590737106	prostatic_hyperplasia
DRUG_837:PSEUDOEPHEDRINE	1	1017	12492	31847923	0.3290037326773506	0.0009832841691248771	-2.5245217781431752	prostatic_hyperplasia
DRUG_259:TANSHINONE IIA	1	1029	12492	31847923	0.3321553338676192	0.0009718172983479105	-2.5337566056501166	prostatic_hyperplasia
DRUG_403:MORIN	2	879	103287	31847923	0.7779161035585169	0.0022753128555176336	-2.5338916412757357	Prostate_cancer
DRUG_479:CHLOROTHALONIL	1	453	103287	31847923	0.7704275671896307	0.002207505518763797	-2.542830016191799	Prostate_cancer
DRUG_912:LORAZEPAM	2	2602	12492	31847923	0.27182288839577545	0.0007686395080707148	-2.5485633195447788	prostatic_hyperplasia
DRUG_1077:ADENOSINE DIPHOSPHATE	4	6203	12492	31847923	0.22817978146305035	0.0006448492664839593	-2.5488189496911455	prostatic_hyperplasia
DRUG_710:VALGANCICLOVIR	2	958	103287	31847923	0.8167421838418824	0.0020876826722338203	-2.5924205004180743	Prostate_cancer
DRUG_1127:IBRUTINIB	4	1880	103287	31847923	0.8576865483877447	0.002127659574468085	-2.605426456766095	Prostate_cancer
DRUG_656:BISOPROLOL	1	1145	12492	31847923	0.36186784694300383	0.0008733624454148472	-2.6173554831149195	prostatic_hyperplasia
DRUG_469:IDARUBICIN	3	1464	103287	31847923	0.8528920544428036	0.0020491803278688526	-2.619313890536722	Prostate_cancer
DRUG_689:DIGOXIN	20	8748	103287	31847923	0.9586769330308189	0.002286236854138089	-2.6225510565287817	Prostate_cancer
DRUG_1089:WARFARIN	44	18683	103287	31847923	0.9891295119100907	0.002355082160252636	-2.623247097088106	Prostate_cancer
DRUG_509:ITRACONAZOLE	11	5159	103287	31847923	0.9446381814628177	0.0021321961620469083	-2.6464383381199537	Prostate_cancer
DRUG_1173:MEPHENYTOIN	1	541	103287	31847923	0.8275072607705041	0.0018484288354898336	-2.650969078187232	Prostate_cancer
DRUG_520:MYRICETIN	1	1210	12492	31847923	0.3779354208274117	0.0008264462809917355	-2.6602029670469114	prostatic_hyperplasia
DRUG_784:MEMANTINE	2	2913	12492	31847923	0.31654483945997164	0.0006865774116031583	-2.6637457267000997	prostatic_hyperplasia
DRUG_965:AZACITIDINE	1	1216	12492	31847923	0.3793980421708909	0.0008223684210526315	-2.6640286603808403	prostatic_hyperplasia
DRUG_584:SULFASALAZINE	5	2546	103287	31847923	0.9145223778284564	0.0019638648860958365	-2.668082731856394	Prostate_cancer
DRUG_140:PROMAZINE	1	559	103287	31847923	0.8373040882535248	0.0017889087656529517	-2.670295019603031	Prostate_cancer
DRUG_1132:MITOTANE	1	572	103287	31847923	0.844031723204999	0.0017482517482517483	-2.683754798823852	Prostate_cancer
DRUG_1220:PLERIXAFOR	1	576	103287	31847923	0.8460452110959926	0.001736111111111111	-2.687816054978635	Prostate_cancer
DRUG_67:CLOTRIMAZOLE	3	1640	103287	31847923	0.9001308362041143	0.001829268292682927	-2.6920282331137075	Prostate_cancer
DRUG_1:APROTININ	6	3186	103287	31847923	0.9447820009739765	0.0018832391713747645	-2.7004261320288614	Prostate_cancer
DRUG_1082:VASOACTIVE INTESTINAL PEPTIDE	1	6467	399	31847923	0.07783321743846257	0.00015463120457708364	-2.7018678444588318	enlarged_prostate
DRUG_1218:TETRODOTOXIN	20	10188	103287	31847923	0.9942154411846025	0.0019630938358853552	-2.7045394445212936	Prostate_cancer
DRUG_1035:ALCOHOL	350	178413	103287	31847923	0.9999999557917059	0.001961740456132681	-2.7073584323568287	Prostate_cancer
DRUG_1138:FLUDARABINE	9	4807	103287	31847923	0.9727478533352218	0.0018722696068233825	-2.7156318937629473	Prostate_cancer
DRUG_1158:REPAGLINIDE	1	605	103287	31847923	0.8598863874138758	0.001652892561983471	-2.716196448478945	Prostate_cancer
DRUG_55:METHOTREXATE	63	33448	103287	31847923	0.9999991387764966	0.0018835206888304233	-2.725029231064	Prostate_cancer
DRUG_721:LEUCOVORIN	9	4907	103287	31847923	0.9771279636209527	0.0018341145302628898	-2.726524990720299	Prostate_cancer
DRUG_659:TIMOLOL MALEATE	1	619	103287	31847923	0.8661158896658754	0.0016155088852988692	-2.7292666552118967	Prostate_cancer
DRUG_815:PIMECROLIMUS	1	619	103287	31847923	0.8661158896658754	0.0016155088852988692	-2.7292666552118967	Prostate_cancer
DRUG_1068:HEPARIN	110	59607	103287	31847923	1.0	0.0018454208398342477	-2.733904579327988	Prostate_cancer
DRUG_227:RESVERATROL	6	11337	12492	31847923	0.28797673176543226	0.0005292405398253506	-2.735704294866038	prostatic_hyperplasia
DRUG_704:CYTARABINE	10	5529	103287	31847923	0.9841681604073832	0.0018086453246518358	-2.7357159006641774	Prostate_cancer
DRUG_729:VALSARTAN	6	3450	103287	31847923	0.9667101136074449	0.0017391304347826088	-2.7449641068440473	Prostate_cancer
DRUG_1204:TETRACAINE	1	1356	12492	31847923	0.4125662297048238	0.0007374631268436578	-2.7477533657782636	prostatic_hyperplasia
DRUG_707:CEFTRIAXONE	1	6834	399	31847923	0.08206440708003525	0.0001463271875914545	-2.7488298105051294	enlarged_prostate
DRUG_42:ETHER	56	31705	103287	31847923	0.9999998266662438	0.0017662829206749723	-2.7529396552388796	Prostate_cancer
DRUG_1109:SPERMIDINE	3	5186	12492	31847923	0.3325691141889039	0.0005784805244890089	-2.759593171388004	prostatic_hyperplasia
DRUG_1078:ADENOSINE	151	88017	103287	31847923	0.9999999884985994	0.0017155776724950861	-2.765589609556924	Prostate_cancer
DRUG_1172:LIDOCAINE	26	15198	103287	31847923	0.9998991704040868	0.0017107514146598236	-2.766769300258457	Prostate_cancer
DRUG_867:DOFETILIDE	1	683	103287	31847923	0.8912476571518753	0.0014641288433382138	-2.7844191049006692	Prostate_cancer
DRUG_98:PROMETHAZINE	1	1426	12492	31847923	0.42847963558961083	0.0007012622720897616	-2.7860497114921596	prostatic_hyperplasia
DRUG_1122:ESTRADIOL BENZOATE	4	2539	103287	31847923	0.9640713983088358	0.0015754233950374162	-2.786711908120071	Prostate_cancer
DRUG_812:SODIUM CHLORIDE	5	9678	12492	31847923	0.33138263004334145	0.0005166356685265551	-2.8071453538686333	prostatic_hyperplasia
DRUG_968:NITRIC OXIDE	200	128650	103287	31847923	1.0	0.001554605518849592	-2.8083797948823843	Prostate_cancer
DRUG_730:OLMESARTAN	2	1380	103287	31847923	0.9379561280743999	0.0014492753623188406	-2.8110316159171815	Prostate_cancer
DRUG_1080:ADENOSINE TRIPHOSPHATE	22	14694	103287	31847923	0.9999883842866981	0.0014972097454743433	-2.8247123100166625	Prostate_cancer
DRUG_39:BROMOCRIPTINE	7	4845	103287	31847923	0.9952214238498137	0.0014447884416924665	-2.838115457754248	Prostate_cancer
DRUG_1004:SUFENTANIL	3	2137	103287	31847923	0.9689650396194307	0.0014038371548900327	-2.8389913753782814	Prostate_cancer
DRUG_539:PANTOPRAZOLE	2	1455	103287	31847923	0.9492103205960648	0.0013745704467353953	-2.8391954492360676	Prostate_cancer
DRUG_1157:GLIPIZIDE	1	770	103287	31847923	0.9180215905668416	0.0012987012987012987	-2.8493436204845923	Prostate_cancer
DRUG_1141:PERMETHRIN	3	2189	103287	31847923	0.9726791809704265	0.0013704888076747374	-2.8510941272714803	Prostate_cancer
DRUG_531:NORDIHYDROGUAIARETIC ACID	1	1563	12492	31847923	0.45838778583605466	0.0006397952655150352	-2.85519201495698	prostatic_hyperplasia
DRUG_111:ARECOLINE	1	797	103287	31847923	0.9249055709917667	0.0012547051442910915	-2.8675557167398895	Prostate_cancer
DRUG_725:LOSARTAN	10	7395	103287	31847923	0.9995771021636779	0.001352265043948614	-2.8687544772900626	Prostate_cancer
DRUG_723:LATANOPROST	1	1604	12492	31847923	0.46703028728587914	0.0006234413965087282	-2.8745494097703794	prostatic_hyperplasia
DRUG_318:NIFEDIPINE	18	13558	103287	31847923	0.9999970453633985	0.0013276294438707775	-2.8769218412858497	Prostate_cancer
DRUG_997:SIROLIMUS	9	6915	103287	31847923	0.9995720480033953	0.0013015184381778742	-2.885363778035032	Prostate_cancer
DRUG_103:DESIPRAMINE	5	3863	103287	31847923	0.9948136498572571	0.0012943308309603934	-2.8856964394105358	Prostate_cancer
DRUG_963:EPOETIN ALFA	1	839	103287	31847923	0.934482934181585	0.0011918951132300357	-2.8943333353948697	Prostate_cancer
DRUG_1096:AMISULPRIDE	1	847	103287	31847923	0.936163673904106	0.0011806375442739079	-2.899235195456807	Prostate_cancer
DRUG_720:FUROSEMIDE	1	8223	399	31847923	0.09790375435440236	0.00012161011796181443	-2.905829636445721	enlarged_prostate
DRUG_1102:DALTEPARIN	1	861	103287	31847923	0.9390018175442761	0.0011614401858304297	-2.9076695843466944	Prostate_cancer
DRUG_122:DOXEPIN	1	867	103287	31847923	0.9401793118654471	0.0011534025374855825	-2.9112297880196496	Prostate_cancer
DRUG_1101:BLEOMYCIN	15	12258	103287	31847923	0.9999976777705057	0.0012236906510034262	-2.912327349427784	Prostate_cancer
DRUG_278:3-METHYLCHOLANTHRENE	4	3306	103287	31847923	0.994000559158788	0.0012099213551119178	-2.9146294866101194	Prostate_cancer
DRUG_764:INDOMETHACIN	32	26460	103287	31847923	1.0	0.0012093726379440665	-2.917439861531576	Prostate_cancer
DRUG_42:ETHER	14	31705	12492	31847923	0.3651578085511495	0.0004415707301687431	-2.917480313894419	prostatic_hyperplasia
DRUG_863:THROMBIN	42	34926	103287	31847923	1.0	0.0012025425184676172	-2.9198995592706236	Prostate_cancer
DRUG_719:THIOGUANINE	3	2539	103287	31847923	0.9886451138108997	0.0011815675462780622	-2.92258187043793	Prostate_cancer
DRUG_364:CHOLECALCIFEROL	1	1712	12492	31847923	0.48914163076719736	0.0005841121495327102	-2.9229383874704435	prostatic_hyperplasia
DRUG_1008:OXYCODONE	3	2625	103287	31847923	0.9908920823539673	0.001142857142857143	-2.9380344112510106	Prostate_cancer
DRUG_984:MEPERIDINE	1	1756	12492	31847923	0.49788491757467224	0.0005694760820045558	-2.9416534819642313	prostatic_hyperplasia
DRUG_908:MIDAZOLAM	11	9689	103287	31847923	0.999991849229996	0.0011353080813293426	-2.944882730898904	Prostate_cancer
DRUG_233:DANTROLENE	1	1789	12492	31847923	0.5043439426515379	0.0005589714924538849	-2.955337149733205	prostatic_hyperplasia
DRUG_261:BILIRUBIN	29	26376	103287	31847923	1.0	0.0010994843797391568	-2.9588109362361403	Prostate_cancer
DRUG_877:ACETAMINOPHEN	13	11918	103287	31847923	0.9999994538381484	0.0010907870448061754	-2.962259791586788	Prostate_cancer
DRUG_113:BETHANECHOL	1	966	103287	31847923	0.956630666833856	0.0010351966873706005	-2.9657214254093556	Prostate_cancer
DRUG_338:LINOLENIC ACID	3	6290	12492	31847923	0.4477773830568943	0.0004769475357710652	-2.972591544592008	prostatic_hyperplasia
DRUG_784:MEMANTINE	3	2913	103287	31847923	0.9956980062780575	0.0010298661174047373	-2.9853468674336754	Prostate_cancer
DRUG_1127:IBRUTINIB	1	1880	12492	31847923	0.5217280405972208	0.0005319148936170213	-2.9916020280396918	prostatic_hyperplasia
DRUG_913:ETOMIDATE	2	2009	103287	31847923	0.9889620006054526	0.0009955201592832255	-2.9971295458822422	Prostate_cancer
DRUG_700:RIMONABANT	1	1035	103287	31847923	0.9653394145797892	0.000966183574879227	-2.999620388485946	Prostate_cancer
DRUG_413:OMEPRAZOLE	6	6074	103287	31847923	0.9999113229135228	0.0009878169245966415	-3.005285023521609	Prostate_cancer
DRUG_992:TRAMADOL	2	4191	12492	31847923	0.489177713162839	0.0004772130756382725	-3.010754327616526	prostatic_hyperplasia
DRUG_769:DULOXETINE	2	2081	103287	31847923	0.9909924494793917	0.0009610764055742432	-3.0133124300905116	Prostate_cancer
DRUG_164:PIRENZEPINE	1	1958	12492	31847923	0.5361427024697535	0.0005107252298263534	-3.021093086575298	prostatic_hyperplasia
DRUG_903:TRIAZOLAM	1	1099	103287	31847923	0.971845687269236	0.0009099181073703367	-3.028595004173041	Prostate_cancer
DRUG_517:PHENANTHROLINE	5	5521	103287	31847923	0.999911012960418	0.0009056330374932077	-3.0430090945042436	Prostate_cancer
DRUG_1147:BENDAMUSTINE	1	1133	103287	31847923	0.9747897524405162	0.00088261253309797	-3.0431408648427136	Prostate_cancer
DRUG_865:MEDROXYPROGESTERONE ACETATE	2	4358	12492	31847923	0.5097193061232146	0.0004589261128958238	-3.045588313479834	prostatic_hyperplasia
DRUG_736:TELMISARTAN	1	2039	12492	31847923	0.5506521380514942	0.0004904364884747426	-3.0502945556034273	prostatic_hyperplasia
DRUG_749:CAPTOPRIL	4	9248	12492	31847923	0.4906430713607586	0.00043252595155709344	-3.0547535000624757	prostatic_hyperplasia
DRUG_1161:GLYBURIDE	1	1174	103287	31847923	0.9779334091051016	0.0008517887563884157	-3.059977380080781	Prostate_cancer
DRUG_636:SOTALOL	1	2076	12492	31847923	0.5571279353364749	0.0004816955684007707	-3.0631822844413064	prostatic_hyperplasia
DRUG_849:DIPYRIDAMOLE	5	5786	103287	31847923	0.999955182261485	0.0008641548565502938	-3.0633889604432354	Prostate_cancer
DRUG_823:DIAZOXIDE	2	2358	103287	31847923	0.9959124831237837	0.0008481764206955047	-3.0697349811027577	Prostate_cancer
DRUG_325:CATECHIN	2	4520	12492	31847923	0.5291197108262125	0.0004424778761061947	-3.0776623793670614	prostatic_hyperplasia
DRUG_889:QUETIAPINE	3	3668	103287	31847923	0.9994375581100722	0.0008178844056706652	-3.0870637381508175	Prostate_cancer
DRUG_9:DOCETAXEL	1	12823	250	31847923	0.09577650850426127	7.79848709350386e-05	-3.0892486432245567	hereditary_prostate_cancer
DRUG_981:DAMGO	1	1266	103287	31847923	0.9836342310443749	0.0007898894154818325	-3.095267339712026	Prostate_cancer
DRUG_810:APAMIN	1	2175	12492	31847923	0.5740002106375333	0.0004597701149425287	-3.09637131305919	prostatic_hyperplasia
DRUG_249:ROSMARINIC ACID	1	1275	103287	31847923	0.9841056942047343	0.000784313725490196	-3.09855192948669	Prostate_cancer
DRUG_774:ISOTRETINOIN	2	2563	103287	31847923	0.9977384625613629	0.0007803355442840422	-3.1067353250019756	Prostate_cancer
DRUG_702:ZIDOVUDINE	5	6472	103287	31847923	0.9999926981736886	0.0007725587144622991	-3.112065333113745	Prostate_cancer
DRUG_912:LORAZEPAM	2	2602	103287	31847923	0.9979804602630972	0.0007686395080707148	-3.11339933475979	Prostate_cancer
DRUG_712:DOXORUBICIN	2	35385	399	31847923	0.07343936333952726	5.652112477038293e-05	-3.113718107501409	enlarged_prostate
DRUG_1207:VERATRIDINE	1	1322	103287	31847923	0.9863563638205963	0.0007564296520423601	-3.115265306073962	Prostate_cancer
DRUG_860:IBUPROFEN	1	10571	399	31847923	0.1240614425435128	9.459842966606754e-05	-3.1177528995109913	enlarged_prostate
DRUG_21:CARBACHOL	7	9207	103287	31847923	0.9999998294101256	0.000760291082871728	-3.119020029050981	Prostate_cancer
DRUG_793:KETAMINE	6	15074	12492	31847923	0.5402479188225666	0.0003980363539869975	-3.132670363093772	prostatic_hyperplasia
DRUG_88:ATROPINE	7	17670	12492	31847923	0.5400037992255078	0.00039615166949632147	-3.1345353248281964	prostatic_hyperplasia
DRUG_720:FUROSEMIDE	6	8223	103287	31847923	0.9999996584893329	0.0007296607077708865	-3.1368788915592933	Prostate_cancer
DRUG_826:OCTANOL	3	4151	103287	31847923	0.9998529391276302	0.0007227174174897615	-3.1409676062368006	Prostate_cancer
DRUG_282:METHYLENE BLUE	8	11244	103287	31847923	0.9999999698419598	0.000711490572749911	-3.147830836845989	Prostate_cancer
DRUG_126:TIOTROPIUM	1	1421	103287	31847923	0.9901084729342422	0.0007037297677691766	-3.148276854965546	Prostate_cancer
DRUG_320:ARACHIDONIC ACID	11	28228	12492	31847923	0.5487738783591369	0.0003896840017004393	-3.14868085437385	prostatic_hyperplasia
DRUG_98:PROMETHAZINE	1	1426	103287	31847923	0.9902679957477287	0.0007012622720897616	-3.149872268925348	Prostate_cancer
DRUG_1216:PHENYTOIN	6	8619	103287	31847923	0.9999998857809517	0.0006961364427427776	-3.157305580723261	Prostate_cancer
DRUG_757:CYCLOSPORINE	17	24569	103287	31847923	0.9999999918605473	0.0006919288534331881	-3.1599385554040857	Prostate_cancer
DRUG_1078:ADENOSINE	34	88017	12492	31847923	0.5583943745949111	0.00038628901234988696	-3.1600286792483554	prostatic_hyperplasia
DRUG_41:ROSIGLITAZONE	2	4989	12492	31847923	0.582269780701639	0.0004008819402685909	-3.162107759459847	prostatic_hyperplasia
DRUG_819:ASPIRIN	2	36929	399	31847923	0.07900682021409065	5.415797882423028e-05	-3.1640021349973884	enlarged_prostate
DRUG_765:ATORVASTATIN	3	7628	12492	31847923	0.5750855049140836	0.0003932878867330886	-3.165021850955452	prostatic_hyperplasia
DRUG_179:APIGENIN	1	2403	12492	31847923	0.6104530366847538	0.0004161464835622139	-3.1664060292679443	prostatic_hyperplasia
DRUG_468:EPINEPHRINE	15	22020	103287	31847923	1.0	0.0006811989100817438	-3.166726055580052	Prostate_cancer
DRUG_1071:CORTISONE	9	13221	103287	31847923	0.9999999730285344	0.0006807351940095302	-3.1670217840766974	Prostate_cancer
DRUG_626:ATENOLOL	2	5019	12492	31847923	0.5855147546188764	0.0003984857541342897	-3.167125043523508	prostatic_hyperplasia
DRUG_995:MORPHINE	26	38724	103287	31847923	0.9999999578535034	0.0006714182419171573	-3.1730068451767206	Prostate_cancer
DRUG_722:CEFOXITIN	1	2430	12492	31847923	0.6145578686456472	0.00041152263374485596	-3.174169057240945	prostatic_hyperplasia
DRUG_717:AZATHIOPRINE	7	10469	103287	31847923	1.0	0.0006686407488776388	-3.1748071597903573	Prostate_cancer
DRUG_82:IPRATROPIUM	1	1519	103287	31847923	0.9928055163933013	0.0006583278472679394	-3.1784219554603443	Prostate_cancer
DRUG_813:TACROLIMUS	9	13596	103287	31847923	1.0	0.0006619593998234775	-3.1791686464716973	Prostate_cancer
DRUG_776:ACETAZOLAMIDE	3	4603	103287	31847923	0.9999589943861719	0.000651748859439496	-3.185901911297365	Prostate_cancer
DRUG_723:LATANOPROST	1	1604	103287	31847923	0.9945414452740213	0.0006234413965087282	-3.202827250029775	Prostate_cancer
DRUG_1169:OXCARBAZEPINE	1	1606	103287	31847923	0.9945767942591853	0.0006226650062266501	-3.203383862878124	Prostate_cancer
DRUG_709:CEFOPERAZONE	1	1607	103287	31847923	0.9945942935634934	0.0006222775357809583	-3.2036618399231784	Prostate_cancer
DRUG_442:CARBOPLATIN	1	11721	399	31847923	0.13659553283718442	8.531695247845747e-05	-3.2044011625382494	enlarged_prostate
DRUG_1080:ADENOSINE TRIPHOSPHATE	1	14694	250	31847923	0.10896548716360928	6.805498843065197e-05	-3.2044290003494105	hereditary_prostate_cancer
DRUG_953:PICROTOXIN	2	3224	103287	31847923	0.9996750964009269	0.0006203473945409429	-3.2072239107013045	Prostate_cancer
DRUG_92:SCOPOLAMINE	2	5308	12492	31847923	0.6158141424770818	0.00037678975131876413	-3.2133505769982094	prostatic_hyperplasia
DRUG_1093:LITHIUM	22	36324	103287	31847923	0.9999999204524277	0.0006056601695848475	-3.217770951634918	Prostate_cancer
DRUG_1008:OXYCODONE	1	2625	12492	31847923	0.6429472797064751	0.00038095238095238096	-3.227304670913082	prostatic_hyperplasia
DRUG_616:ISOPROTERENOL	9	15337	103287	31847923	1.0	0.0005868161961270131	-3.2314979081356374	Prostate_cancer
DRUG_720:FUROSEMIDE	3	8223	12492	31847923	0.6254506528956906	0.00036483035388544326	-3.2341020857471614	prostatic_hyperplasia
DRUG_270:OXYTETRACYCLINE	2	3463	103287	31847923	0.9998404708154716	0.0005775339301183945	-3.238353207714047	Prostate_cancer
DRUG_956:ALPRAZOLAM	1	1747	103287	31847923	0.9965697614808334	0.0005724098454493417	-3.2408006103934768	Prostate_cancer
DRUG_840:MERCURIC CHLORIDE	1	1748	103287	31847923	0.9965808637397885	0.0005720823798627002	-3.2410539719281197	Prostate_cancer
DRUG_984:MEPERIDINE	1	1756	103287	31847923	0.9966685659151308	0.0005694760820045558	-3.2430752727658296	Prostate_cancer
DRUG_967:SODIUM NITROPRUSSIDE	6	10765	103287	31847923	0.9999999872634081	0.000557361820715281	-3.2538627782444305	Prostate_cancer
DRUG_1209:CARBAMAZEPINE	6	11154	103287	31847923	0.9999999166029221	0.0005379236148466917	-3.269279353553006	Prostate_cancer
DRUG_1066:PENTOXIFYLLINE	2	3771	103287	31847923	0.9999364724307986	0.0005303632988597189	-3.275398946192497	Prostate_cancer
DRUG_879:PROPOFOL	9	17066	103287	31847923	0.9999999423592155	0.0005273643501699285	-3.27788920682422	Prostate_cancer
DRUG_930:DIAZEPAM	7	13310	103287	31847923	1.0	0.0005259203606311044	-3.2790800154604183	Prostate_cancer
DRUG_9:DOCETAXEL	1	12823	399	31847923	0.14843854640089763	7.79848709350386e-05	-3.2795363350935434	enlarged_prostate
DRUG_849:DIPYRIDAMOLE	2	5786	12492	31847923	0.6621362435985567	0.0003456619426201175	-3.282295794318993	prostatic_hyperplasia
DRUG_668:AMIODARONE	4	7746	103287	31847923	1.0	0.0005163955589981926	-3.2870175013221017	Prostate_cancer
DRUG_969:ISOSORBIDE DINITRATE	1	1952	103287	31847923	0.9982375943659034	0.0005122950819672131	-3.289713735020078	Prostate_cancer
DRUG_164:PIRENZEPINE	1	1958	103287	31847923	0.9982716391371695	0.0005107252298263534	-3.2910614204642323	Prostate_cancer
DRUG_51:SURAMIN	1	2897	12492	31847923	0.6790888787939027	0.00034518467380048324	-3.2938751134366853	prostatic_hyperplasia
DRUG_943:PENTOBARBITAL	3	8890	12492	31847923	0.6768354486965926	0.0003374578177727784	-3.302263602691328	prostatic_hyperplasia
DRUG_792:DEXTROMETHORPHAN	1	2017	103287	31847923	0.9985730459408346	0.0004957858205255329	-3.3040857373631134	Prostate_cancer
DRUG_178:METHYLPHENIDATE	3	6103	103287	31847923	0.9999993865528063	0.0004915615271178109	-3.3084218488201174	Prostate_cancer
DRUG_89:METOCLOPRAMIDE	2	4089	103287	31847923	0.9999757521598873	0.0004891171435558817	-3.3105765840595205	Prostate_cancer
DRUG_636:SOTALOL	1	2076	103287	31847923	0.9988218614589717	0.0004816955684007707	-3.3167153884695617	Prostate_cancer
DRUG_992:TRAMADOL	2	4191	103287	31847923	0.9999821232705023	0.0004772130756382725	-3.3212799013354917	Prostate_cancer
DRUG_886:THIOPENTAL	1	3060	12492	31847923	0.6989697522417364	0.000326797385620915	-3.3301798086382233	prostatic_hyperplasia
DRUG_810:APAMIN	1	2175	103287	31847923	0.9991459244886504	0.0004597701149425287	-3.3370881825217373	Prostate_cancer
DRUG_770:GUANIDINE HYDROCHLORIDE	1	2231	103287	31847923	0.9992879101546429	0.00044822949350067237	-3.348190203431806	Prostate_cancer
DRUG_598:CONGO RED	1	3173	12492	31847923	0.7120247242634045	0.0003151591553734636	-3.35396514638999	prostatic_hyperplasia
DRUG_922:ISOFLURANE	3	9564	12492	31847923	0.7232589631663199	0.0003136762860727729	-3.3628121371796675	prostatic_hyperplasia
DRUG_953:PICROTOXIN	1	3224	12492	31847923	0.7177298833230812	0.00031017369727047146	-3.3643560619794592	prostatic_hyperplasia
DRUG_1082:VASOACTIVE INTESTINAL PEPTIDE	2	6467	12492	31847923	0.720224955987881	0.0003092624091541673	-3.3671410309993948	prostatic_hyperplasia
DRUG_613:PROPRANOLOL	9	21196	103287	31847923	1.0	0.0004246084166823929	-3.372011401402967	Prostate_cancer
DRUG_1081:TESTOSTERONE	2	59389	250	31847923	0.07998395410420181	3.367627001633299e-05	-3.375678887170441	hereditary_prostate_cancer
DRUG_65:ANANDAMIDE	1	3297	12492	31847923	0.7256999560299808	0.00030330603579011223	-3.378876043910878	prostatic_hyperplasia
DRUG_97:AMITRIPTYLINE	2	4800	103287	31847923	0.999997160312923	0.0004166666666666667	-3.380210008449427	Prostate_cancer
DRUG_534:NOREPINEPHRINE	16	38689	103287	31847923	1.0	0.00041355424022331927	-3.383467521940107	Prostate_cancer
DRUG_812:SODIUM CHLORIDE	4	9678	103287	31847923	0.9999999165801301	0.0004133085348212441	-3.3837255902158523	Prostate_cancer
DRUG_40:HALOPERIDOL	5	12270	103287	31847923	1.0	0.00040749796251018743	-3.3898745583909853	Prostate_cancer
DRUG_1090:ESTRADIOL	2	60526	250	31847923	0.08260585727935083	3.30436506625252e-05	-3.397922820492851	hereditary_prostate_cancer
DRUG_627:TIMOLOL	1	3417	12492	31847923	0.7383154883767713	0.000292654375182909	-3.4018869579431708	prostatic_hyperplasia
DRUG_108:ACETYLCHOLINE	19	59480	12492	31847923	0.842088980770094	0.00031943510423671824	-3.4209753432894816	prostatic_hyperplasia
DRUG_1068:HEPARIN	19	59607	12492	31847923	0.8444815764390372	0.00031875450869864276	-3.4231338427948916	prostatic_hyperplasia
DRUG_862:RIFAMPIN	2	5424	103287	31847923	0.9999996539193793	0.0003687315634218289	-3.433289534894096	Prostate_cancer
DRUG_860:IBUPROFEN	3	10571	12492	31847923	0.7826728133925746	0.00028379528899820264	-3.440575066710886	prostatic_hyperplasia
DRUG_889:QUETIAPINE	1	3668	12492	31847923	0.7628583739672419	0.0002726281352235551	-3.4468732448825525	prostatic_hyperplasia
DRUG_778:TOPIRAMATE	1	3690	12492	31847923	0.7648966131348622	0.00027100271002710027	-3.450629104084756	prostatic_hyperplasia
DRUG_103:DESIPRAMINE	1	3863	12492	31847923	0.7803255318255589	0.0002588661661920787	-3.479200525171273	prostatic_hyperplasia
DRUG_749:CAPTOPRIL	3	9248	103287	31847923	0.999999985511988	0.00032439446366782005	-3.4889265600647277	Prostate_cancer
DRUG_818:CITALOPRAM	1	3989	12492	31847923	0.7909216963399562	0.000250689395838556	-3.498997525457573	prostatic_hyperplasia
DRUG_89:METOCLOPRAMIDE	1	4089	12492	31847923	0.7989664191415037	0.00024455857177794083	-3.5141456366918273	prostatic_hyperplasia
DRUG_162:OLANZAPINE	2	6601	103287	31847923	1.0	0.0003029843963035904	-3.518579737087604	Prostate_cancer
DRUG_715:IMATINIB	3	11843	12492	31847923	0.8422210396461878	0.00025331419403867264	-3.5217665609535	prostatic_hyperplasia
DRUG_1034:FENTANYL	4	13301	103287	31847923	1.0	0.00030072926847605444	-3.5218243021320452	Prostate_cancer
DRUG_890:ARIPIPRAZOLE	1	3347	103287	31847923	0.9999811397004973	0.00029877502240812666	-3.524647521356534	Prostate_cancer
DRUG_610:APOMORPHINE	2	6726	103287	31847923	0.9999999911403884	0.0002973535533749628	-3.5267268634669553	Prostate_cancer
DRUG_628:DOBUTAMINE	2	6803	103287	31847923	0.9999999558614207	0.00029398794649419373	-3.5316704561274443	Prostate_cancer
DRUG_627:TIMOLOL	1	3417	103287	31847923	0.9999849174315504	0.000292654375182909	-3.533638428473114	Prostate_cancer
DRUG_1180:LAMOTRIGINE	1	4249	12492	31847923	0.811198929177122	0.0002353494939985879	-3.5374140997888666	prostatic_hyperplasia
DRUG_881:RISPERIDONE	2	7002	103287	31847923	0.9999999789335987	0.00028563267637817766	-3.5441921016160105	Prostate_cancer
DRUG_219:PHENOTHIAZINE	1	3585	103287	31847923	0.9999912820090072	0.0002789400278940028	-3.5544853738119335	Prostate_cancer
DRUG_966:NITROGLYCERIN	2	7571	103287	31847923	0.9999999784122935	0.0002641658961828028	-3.5781232411448434	Prostate_cancer
DRUG_33:NICOTINE	8	30893	103287	31847923	0.9999999820732699	0.0002589583400770401	-3.5867700896387102	Prostate_cancer
DRUG_683:DOPAMINE	24	97966	103287	31847923	0.9999999931344932	0.00024498295326950167	-3.6108641312601715	Prostate_cancer
DRUG_39:BROMOCRIPTINE	1	4845	12492	31847923	0.8505682421169586	0.0002063983488132095	-3.615002944703842	prostatic_hyperplasia
DRUG_863:THROMBIN	8	34926	12492	31847923	0.9628416858611959	0.00022905571780335566	-3.6236137472994976	prostatic_hyperplasia
DRUG_1180:LAMOTRIGINE	1	4249	103287	31847923	0.9999989715681072	0.0002353494939985879	-3.6282862844469888	Prostate_cancer
DRUG_908:MIDAZOLAM	2	9689	12492	31847923	0.892737495081799	0.00020641965115078957	-3.635972735819227	prostatic_hyperplasia
DRUG_649:METOPROLOL	1	5181	12492	31847923	0.8690257860613038	0.00019301293186643504	-3.653446255476853	prostatic_hyperplasia
DRUG_108:ACETYLCHOLINE	13	59480	103287	31847923	0.9999999504308519	0.00021856086079354405	-3.6604275860154716	Prostate_cancer
DRUG_1218:TETRODOTOXIN	2	10188	12492	31847923	0.9082162159956706	0.00019630938358853554	-3.665248192491781	prostatic_hyperplasia
DRUG_753:LEVODOPA	2	9277	103287	31847923	1.0	0.00021558693543171284	-3.6663775609334914	Prostate_cancer
DRUG_616:ISOPROTERENOL	3	15337	12492	31847923	0.9388085902515415	0.00019560539870900438	-3.6811962176652955	prostatic_hyperplasia
DRUG_613:PROPRANOLOL	1	21196	399	31847923	0.23328469031410656	4.717871296471032e-05	-3.6941401492919756	enlarged_prostate
DRUG_686:HYDROCHLOROTHIAZIDE	1	4999	103287	31847923	0.9999998576078519	0.00020004000800160032	-3.6988830749124615	Prostate_cancer
DRUG_793:KETAMINE	3	15074	103287	31847923	1.0	0.00019901817699349874	-3.7011072562161087	Prostate_cancer
DRUG_1018:BUPRENORPHINE	1	5708	12492	31847923	0.8934925695937996	0.0001751927119831815	-3.7075749096470827	prostatic_hyperplasia
DRUG_1030:NALOXONE	3	15476	103287	31847923	1.0	0.00019384853967433445	-3.712537466329545	Prostate_cancer
DRUG_92:SCOPOLAMINE	1	5308	103287	31847923	0.999999982400766	0.00018839487565938207	-3.7249309065491474	Prostate_cancer
DRUG_90:PILOCARPINE	1	5315	103287	31847923	1.0	0.00018814675446848542	-3.7255032688593155	Prostate_cancer
DRUG_68:METHIONINE	6	32742	12492	31847923	0.9881538899695789	0.0001832508704416346	-3.7317785384114437	prostatic_hyperplasia
DRUG_8:OCTREOTIDE	1	5975	12492	31847923	0.9040864226437955	0.00016736401673640169	-3.73254785678066	prostatic_hyperplasia
DRUG_413:OMEPRAZOLE	1	6074	12492	31847923	0.9077409399158782	0.00016463615409944023	-3.7414367105329975	prostatic_hyperplasia
DRUG_178:METHYLPHENIDATE	1	6103	12492	31847923	0.90878467915292	0.00016385384237260363	-3.7440043667836695	prostatic_hyperplasia
DRUG_234:ALLOXAN	1	5562	103287	31847923	0.9999999756835771	0.00017979144192736425	-3.745230973967652	Prostate_cancer
DRUG_49:ADRIAMYCIN	2	11888	12492	31847923	0.9466109098982453	0.00016823687752355316	-3.7502503062524446	prostatic_hyperplasia
DRUG_877:ACETAMINOPHEN	2	11918	12492	31847923	0.9471260714518512	0.0001678133915086424	-3.751581176985282	prostatic_hyperplasia
DRUG_1101:BLEOMYCIN	2	12258	12492	31847923	0.9526430374408369	0.00016315875346712352	-3.766319819040872	prostatic_hyperplasia
DRUG_580:PROTOPORPHYRIN	1	6388	12492	31847923	0.9184358060383541	0.00015654351909830932	-3.768413714207789	prostatic_hyperplasia
DRUG_162:OLANZAPINE	1	6601	12492	31847923	0.9249758797789349	0.0001514921981517952	-3.7857401407171154	prostatic_hyperplasia
DRUG_96:STAUROSPORINE	1	6604	12492	31847923	0.9250640832508829	0.00015142337976983646	-3.785978883857606	prostatic_hyperplasia
DRUG_703:CYCLOPHOSPHAMIDE	6	37554	12492	31847923	0.9966529956683481	0.00015976993129892953	-3.7950489280210884	prostatic_hyperplasia
DRUG_628:DOBUTAMINE	1	6803	12492	31847923	0.9306929524255624	0.00014699397324709687	-3.801506896236617	prostatic_hyperplasia
DRUG_707:CEFTRIAXONE	1	6834	12492	31847923	0.9315310271559388	0.0001463271875914545	-3.803872299286204	prostatic_hyperplasia
DRUG_930:DIAZEPAM	2	13310	12492	31847923	0.9664343805388987	0.00015026296018031557	-3.8083204312251038	prostatic_hyperplasia
DRUG_261:BILIRUBIN	4	26376	12492	31847923	0.9920125122414872	0.00015165301789505612	-3.815666092746761	prostatic_hyperplasia
DRUG_881:RISPERIDONE	1	7002	12492	31847923	0.9358991480360364	0.00014281633818908883	-3.8164511583602216	prostatic_hyperplasia
DRUG_914:SEVOFLURANE	1	7328	103287	31847923	0.9999999742564216	0.00013646288209606986	-3.8649854494794997	Prostate_cancer
DRUG_708:LAMIVUDINE	1	7344	103287	31847923	0.9999998950957525	0.00013616557734204794	-3.865932622633848	Prostate_cancer
DRUG_668:AMIODARONE	1	7746	12492	31847923	0.9521291570896374	0.00012909888974954814	-3.867773357428109	prostatic_hyperplasia
DRUG_1069:GENTAMICIN	2	15420	12492	31847923	0.9833846405852789	0.00012970168612191958	-3.879777798843465	prostatic_hyperplasia
DRUG_1069:GENTAMICIN	2	15420	103287	31847923	0.9999999583229974	0.00012970168612191958	-3.8870543599508642	Prostate_cancer
DRUG_362:CISPLATIN	6	48109	12492	31847923	0.9998323624884693	0.00012471678895840696	-3.9040022691612886	prostatic_hyperplasia
DRUG_352:RESERPINE	1	8089	103287	31847923	1.0	0.00012362467548522686	-3.907894835416283	Prostate_cancer
DRUG_1216:PHENYTOIN	1	8619	12492	31847923	0.9660147247853217	0.00011602274045712959	-3.9204406270487118	prostatic_hyperplasia
DRUG_879:PROPOFOL	2	17066	12492	31847923	0.9904937054642168	0.00011719207781553967	-3.926953465597217	prostatic_hyperplasia
DRUG_689:DIGOXIN	1	8748	12492	31847923	0.9676923048559192	0.00011431184270690443	-3.9276460618950586	prostatic_hyperplasia
DRUG_88:ATROPINE	2	17670	103287	31847923	0.9999999498134532	0.00011318619128466328	-3.946206532047042	Prostate_cancer
DRUG_943:PENTOBARBITAL	1	8890	103287	31847923	1.0	0.0001124859392575928	-3.9489017609702137	Prostate_cancer
DRUG_824:CHLORPROMAZINE	1	9159	103287	31847923	0.9999999444182879	0.00010918222513374823	-3.961848034879493	Prostate_cancer
DRUG_120:CLOZAPINE	1	9213	103287	31847923	1.0	0.00010854227721697601	-3.9644010711627313	Prostate_cancer
DRUG_922:ISOFLURANE	1	9564	103287	31847923	1.0	0.00010455876202425763	-3.9806395674437374	Prostate_cancer
DRUG_683:DOPAMINE	10	97966	12492	31847923	0.9999999026345242	0.00010207623052895903	-3.9910753336681384	prostatic_hyperplasia
DRUG_705:FLUOROURACIL	3	30229	12492	31847923	0.9994137616308528	9.924244930364882e-05	-4.003047851133598	prostatic_hyperplasia
DRUG_717:AZATHIOPRINE	1	10469	12492	31847923	0.9835566532965663	9.552010698251981e-05	-4.01270458033395	prostatic_hyperplasia
DRUG_1209:CARBAMAZEPINE	1	11154	12492	31847923	0.9874325674330474	8.965393580778196e-05	-4.041938087146016	prostatic_hyperplasia
DRUG_762:DEXAMETHASONE	4	44814	12492	31847923	0.9999751316835654	8.92578212165841e-05	-4.049342918187513	prostatic_hyperplasia
DRUG_764:INDOMETHACIN	2	26460	12492	31847923	0.9996480593439432	7.558578987150416e-05	-4.121406971399965	prostatic_hyperplasia
DRUG_1034:FENTANYL	1	13301	12492	31847923	0.9945887304143243	7.518231711901361e-05	-4.121527827436648	prostatic_hyperplasia
DRUG_1093:LITHIUM	1	36324	399	31847923	0.3657677301722042	2.753000770840216e-05	-4.123399054239882	enlarged_prostate
DRUG_6:ETOPOSIDE	1	15433	12492	31847923	0.9976562680616208	6.479621590099139e-05	-4.1874312916646215	prostatic_hyperplasia
DRUG_1030:NALOXONE	1	15476	12492	31847923	0.9976955587634966	6.461617989144482e-05	-4.1886567600122415	prostatic_hyperplasia
DRUG_762:DEXAMETHASONE	1	44814	399	31847923	0.42984193284830163	2.2314455304146026e-05	-4.28472249025725	enlarged_prostate
DRUG_613:PROPRANOLOL	1	21196	12492	31847923	0.9997559910571598	4.717871296471032e-05	-4.326147926173752	prostatic_hyperplasia
DRUG_362:CISPLATIN	1	48109	399	31847923	0.45293240585862893	2.0786131493067825e-05	-4.3382597238637945	enlarged_prostate
DRUG_1035:ALCOHOL	3	178413	399	31847923	0.3868881135659578	1.681491819542298e-05	-4.361890628204531	enlarged_prostate
DRUG_2:PROGESTERONE	1	61572	250	31847923	0.3835622507680799	1.6241148574027155e-05	-4.373219119134288	hereditary_prostate_cancer
DRUG_1113:PACLITAXEL	1	24415	12492	31847923	0.9999309355580233	4.095842719639566e-05	-4.387626733278279	prostatic_hyperplasia
DRUG_757:CYCLOSPORINE	1	24569	12492	31847923	0.9999349845513285	4.070169726077577e-05	-4.390359243548759	prostatic_hyperplasia
DRUG_979:COCAINE	1	30089	103287	31847923	0.9999999847924647	3.323473694705706e-05	-4.478407747712512	Prostate_cancer
DRUG_33:NICOTINE	1	30893	12492	31847923	0.9999944714156853	3.236979250963001e-05	-4.489857683375836	prostatic_hyperplasia
DRUG_55:METHOTREXATE	1	33448	12492	31847923	0.9999978853755985	2.9897153790959102e-05	-4.524369236171679	prostatic_hyperplasia
DRUG_995:MORPHINE	1	38724	12492	31847923	0.999999629258872	2.5823778535275283e-05	-4.587980050440674	prostatic_hyperplasia
DRUG_1078:ADENOSINE	1	88017	250	31847923	0.4993638009116748	1.1361441539702558e-05	-4.642983618814944	hereditary_prostate_cancer
DRUG_1092:INSULIN	3	289830	399	31847923	0.704020414932909	1.0350895352447986e-05	-4.83260733495074	enlarged_prostate
DRUG_968:NITRIC OXIDE	1	128650	399	31847923	0.8011169942203155	7.77302759424796e-06	-5.013105735137474	enlarged_prostate
DRUG_1035:ALCOHOL	1	178413	250	31847923	0.7544980283031105	5.6049727318076595e-06	-5.12908460509673	hereditary_prostate_cancer
