target	target_with_keyphrase_count	target_count	keyphrase_count	db_article_count	fet_p_value	target_and_keyphrase_ratio	fet_p_value_and_ratio	phenotypes
DRUG_15:BICALUTAMIDE	413	548	42948	20749320	0.0	0.7536496350364964	322.8823548406238	Prostate_cancer
DRUG_17:ESTRAMUSTINE	359	743	42948	20749320	0.0	0.4831763122476447	322.68929098226954	Prostate_cancer
DRUG_820:FINASTERIDE	447	1294	7275	20749320	0.0	0.3454404945904173	322.54355859425107	prostatic_hyperplasia
DRUG_12:FLUTAMIDE	446	1704	42948	20749320	0.0	0.26173708920187794	322.42305061573325	Prostate_cancer
DRUG_820:FINASTERIDE	256	1294	42948	20749320	0.0	0.19783616692426584	322.30149103643095	Prostate_cancer
DRUG_9:DOCETAXEL	671	4863	42948	20749320	0.0	0.13798067036808553	322.1450035980526	Prostate_cancer
DRUG_1081:TESTOSTERONE	1315	39547	42948	20749320	0.0	0.03325157407641541	321.5269975563848	Prostate_cancer
DRUG_1081:TESTOSTERONE	403	39547	7275	20749320	0.0	0.01019040635193567	321.0133768497001	prostatic_hyperplasia
DRUG_821:DUTASTERIDE	101	230	7275	20749320	8.40436727318035e-283	0.4391304347826087	281.7180885148271	prostatic_hyperplasia
DRUG_1113:PACLITAXEL	238	10646	42948	20749320	1.2402268887097821e-155	0.022355814390381364	153.2558893523955	Prostate_cancer
DRUG_821:DUTASTERIDE	79	230	42948	20749320	6.257815665389058e-150	0.34347826086956523	148.73947648915737	Prostate_cancer
DRUG_14:GENISTEIN	189	5981	42948	20749320	1.481519283632218e-150	0.03160006687844842	148.32898069307936	Prostate_cancer
DRUG_16:NILUTAMIDE	60	113	42948	20749320	4.887301675599387e-129	0.5309734513274337	128.0360036596043	Prostate_cancer
DRUG_712:DOXORUBICIN	201	16519	42948	20749320	6.964921774271067e-85	0.012167806767964163	82.2422960611859	Prostate_cancer
DRUG_1090:ESTRADIOL	139	42753	7275	20749320	2.8487035403170688e-83	0.0032512338315439852	80.05740095014295	prostatic_hyperplasia
DRUG_51:SURAMIN	90	2396	42948	20749320	3.9205395658374085e-79	0.037562604340567615	76.98140985463522	Prostate_cancer
DRUG_50:CAPROMAB	35	61	42948	20749320	1.302530721291623e-77	0.5737704918032787	76.6439502340435	Prostate_cancer
DRUG_820:FINASTERIDE	27	1294	266	20749320	1.5139463382775305e-77	0.020865533230293665	75.1393190059271	enlarged_prostate
DRUG_1090:ESTRADIOL	310	42753	42948	20749320	2.631313859860103e-75	0.0072509531494865855	72.44022244575002	Prostate_cancer
DRUG_6:ETOPOSIDE	146	10588	42948	20749320	6.901717992914029e-69	0.013789195315451454	66.30058171329144	Prostate_cancer
DRUG_821:DUTASTERIDE	18	230	266	20749320	1.2403224615325836e-62	0.0782608695652174	60.80001006048938	enlarged_prostate
DRUG_1065:TADALAFIL	33	618	7275	20749320	4.4456628474024754e-60	0.05339805825242718	58.07958894143843	prostatic_hyperplasia
DRUG_3:ABARELIX	23	32	42948	20749320	5.060609421942411e-55	0.71875	54.15237503796267	Prostate_cancer
DRUG_321:CURCUMIN	73	3052	42948	20749320	5.57001481981749e-51	0.023918741808650064	48.63288198016004	Prostate_cancer
DRUG_1092:INSULIN	681	177924	42948	20749320	8.034556588618282e-49	0.003827476900249545	45.67795066440368	Prostate_cancer
DRUG_7:ANDROSTENEDIONE	42	4880	7275	20749320	6.385335479397364e-43	0.00860655737704918	40.1296457487811	prostatic_hyperplasia
DRUG_7:ANDROSTENEDIONE	74	4880	42948	20749320	1.8970581070271177e-38	0.015163934426229509	35.90273126416446	Prostate_cancer
DRUG_227:RESVERATROL	58	2974	42948	20749320	3.746393952515541e-36	0.019502353732347006	33.71647358564698	Prostate_cancer
DRUG_10:SELENOMETHIONINE	37	1191	42948	20749320	1.2538842155132564e-30	0.031066330814441646	28.394032527273943	Prostate_cancer
DRUG_104:TOLTERODINE	17	438	7275	20749320	2.576255465739968e-29	0.03881278538812785	27.17798588469411	prostatic_hyperplasia
DRUG_506:GEFITINIB	43	2013	42948	20749320	8.61696604883364e-29	0.02136115250869349	26.394270298878382	Prostate_cancer
DRUG_1103:THALIDOMIDE	57	4280	42948	20749320	3.0877476985425212e-27	0.013317757009345794	24.634789279972072	Prostate_cancer
DRUG_442:CARBOPLATIN	68	6534	42948	20749320	4.2642338723070144e-26	0.010407101316192225	23.387488766973476	Prostate_cancer
DRUG_362:CISPLATIN	144	25031	42948	20749320	5.073985503974922e-26	0.0057528664456074465	23.05453506973726	Prostate_cancer
DRUG_11:VINBLASTINE	59	5186	42948	20749320	9.747360947069719e-25	0.011376783648283841	22.067132450819532	Prostate_cancer
DRUG_12:FLUTAMIDE	20	1704	7275	20749320	6.862111613682874e-24	0.011737089201877934	21.23310262756497	prostatic_hyperplasia
DRUG_446:FENRETINIDE	18	317	42948	20749320	2.6911576384813906e-20	0.056782334384858045	18.324274104944376	Prostate_cancer
DRUG_179:APIGENIN	22	811	42948	20749320	1.2402403089006018e-17	0.027127003699136867	15.339895984418195	Prostate_cancer
DRUG_180:LAPACHONE	13	177	42948	20749320	1.5953838497911456e-16	0.07344632768361582	14.663104894608212	Prostate_cancer
DRUG_216:GOSSYPOL	25	1225	42948	20749320	5.826354085254081e-17	0.02040816326530612	14.544407045481567	Prostate_cancer
DRUG_724:GANCICLOVIR	42	4229	42948	20749320	4.562633312854597e-16	0.009931425868999763	13.337796038210298	Prostate_cancer
DRUG_762:DEXAMETHASONE	128	29326	42948	20749320	3.2935979905236734e-14	0.004364727545522745	11.12228655039224	Prostate_cancer
DRUG_489:HEMATOXYLIN	48	6453	42948	20749320	1.6992088338154973e-13	0.007438400743840074	10.64123281505909	Prostate_cancer
DRUG_262:QUERCETIN	39	4467	42948	20749320	2.5932010298712045e-13	0.008730691739422432	10.527212469146818	Prostate_cancer
DRUG_264:BAICALEIN	15	533	42948	20749320	1.0003878499749842e-12	0.028142589118198873	10.449195641581662	Prostate_cancer
DRUG_5:TAMOXIFEN	68	11700	42948	20749320	2.2371576609020835e-13	0.005811965811965812	10.414626459421774	Prostate_cancer
DRUG_715:IMATINIB	41	5084	42948	20749320	7.834156443247646e-13	0.008064516129032258	10.012586074947746	Prostate_cancer
DRUG_44:BORTEZOMIB	23	1815	42948	20749320	1.6056138550115446e-11	0.012672176308539946	8.897210099576906	Prostate_cancer
DRUG_705:FLUOROURACIL	91	19655	42948	20749320	7.365259131269498e-12	0.004629865174255915	8.798380312972665	Prostate_cancer
DRUG_4:MIFEPRISTONE	20	1620	42948	20749320	5.066802558114306e-10	0.012345679012345678	7.38678099997892	Prostate_cancer
DRUG_320:ARACHIDONIC ACID	93	21926	42948	20749320	3.6908953569091327e-10	0.0042415397245279575	7.060391806390168	Prostate_cancer
DRUG_113:BETHANECHOL	8	886	7275	20749320	1.5798815038975536e-09	0.009029345372460496	6.757031750386727	prostatic_hyperplasia
DRUG_594:RALOXIFENE	20	1777	42948	20749320	2.3955089975160492e-09	0.011254924029262802	6.671944761454233	Prostate_cancer
DRUG_451:ISOLIQUIRITIGENIN	7	129	42948	20749320	1.3040057743034338e-08	0.05426356589147287	6.619228815203642	Prostate_cancer
DRUG_1079:SPERMINE	32	4405	42948	20749320	2.80089085293975e-09	0.007264472190692395	6.413907880307559	Prostate_cancer
DRUG_136:OXYBUTYNIN	7	644	7275	20749320	4.7145480628938575e-09	0.010869565217391304	6.3627721051035735	prostatic_hyperplasia
DRUG_1081:TESTOSTERONE	10	39547	266	20749320	1.67071059734984e-10	0.00025286368118947075	6.179985228750685	enlarged_prostate
DRUG_549:FISETIN	7	167	42948	20749320	7.708355512357896e-08	0.041916167664670656	5.735419832590731	Prostate_cancer
DRUG_49:ADRIAMYCIN	50	9687	42948	20749320	1.2726239720632071e-08	0.005161556725508413	5.608080604937779	Prostate_cancer
DRUG_306:HAEMATOXYLIN	16	1332	42948	20749320	3.7783844854807213e-08	0.012012012012012012	5.5023096085168	Prostate_cancer
DRUG_338:LINOLENIC ACID	26	3400	42948	20749320	2.993927083636949e-08	0.007647058823529412	5.407253211928788	Prostate_cancer
DRUG_364:CHOLECALCIFEROL	12	726	42948	20749320	6.478786658597897e-08	0.01652892561983471	5.406750946146019	Prostate_cancer
DRUG_498:LUTEOLIN	12	739	42948	20749320	7.834139115073703e-08	0.016238159675236806	5.316545528368904	Prostate_cancer
DRUG_2:PROGESTERONE	143	43344	42948	20749320	1.2542108884763315e-07	0.003299187892211148	4.420036482977317	Prostate_cancer
DRUG_410:WORTMANNIN	29	4748	42948	20749320	5.217921945746061e-07	0.006107834877843303	4.06838970936146	Prostate_cancer
DRUG_306:HAEMATOXYLIN	7	1332	7275	20749320	6.294672192115368e-07	0.005255255255255256	3.9216206969175604	prostatic_hyperplasia
DRUG_1092:INSULIN	106	177924	7275	20749320	2.73886143646742e-07	0.0005957599874103549	3.337501270524583	prostatic_hyperplasia
DRUG_214:KAEMPFEROL	11	982	42948	20749320	9.275853186353722e-06	0.01120162932790224	3.0819273311505855	Prostate_cancer
DRUG_965:AZACITIDINE	5	192	42948	20749320	5.683179605436149e-05	0.026041666666666668	2.6610773943691424	Prostate_cancer
DRUG_489:HEMATOXYLIN	12	6453	7275	20749320	4.659918963849193e-06	0.0018596001859600185	2.601041216580786	prostatic_hyperplasia
DRUG_1065:TADALAFIL	8	618	42948	20749320	5.5682348637526346e-05	0.012944983818770227	2.3663839667157447	Prostate_cancer
DRUG_854:TROGLITAZONE	13	1596	42948	20749320	4.165903337983684e-05	0.008145363408521303	2.2912012765568566	Prostate_cancer
DRUG_361:EMBELIN	3	60	42948	20749320	0.00027779413653347164	0.05	2.255246929594006	Prostate_cancer
DRUG_379:PICEATANNOL	5	246	42948	20749320	0.00018103273269531403	0.02032520325203252	2.0502777900777938	Prostate_cancer
DRUG_0:ECALLANTIDE	2	24	42948	20749320	0.0011471187373823539	0.08333333333333333	1.8612103802350395	Prostate_cancer
DRUG_1082:VASOACTIVE INTESTINAL PEPTIDE	26	5370	42948	20749320	9.434247493467596e-05	0.00484171322160149	1.7102917971415863	Prostate_cancer
DRUG_91:FLAVOXATE	2	94	7275	20749320	0.0005258404474337836	0.02127659574468085	1.6070481532538214	prostatic_hyperplasia
DRUG_281:ROTTLERIN	7	611	42948	20749320	0.0003351203725713325	0.011456628477905073	1.5338559995897503	Prostate_cancer
DRUG_507:PROTOAPIGENONE	1	4	42948	20749320	0.008253734205086759	0.25	1.481289529485955	Prostate_cancer
DRUG_1134:VANDETANIB	3	95	42948	20749320	0.0010646240544991462	0.031578947368421054	1.4722013748773544	Prostate_cancer
DRUG_96:STAUROSPORINE	26	5686	42948	20749320	0.00022618443300989843	0.0045726345409778405	1.3057037810214074	Prostate_cancer
DRUG_2:PROGESTERONE	33	43344	7275	20749320	4.994611499805138e-05	0.0007613510520487265	1.1830832394171154	prostatic_hyperplasia
DRUG_534:NOREPINEPHRINE	26	30713	7275	20749320	5.7573051330911194e-05	0.0008465470647608504	1.1674318608541898	prostatic_hyperplasia
DRUG_375:COUMESTROL	4	237	42948	20749320	0.0016037157835763374	0.016877637130801686	1.0221842418195255	Prostate_cancer
DRUG_819:ASPIRIN	72	22526	42948	20749320	0.0003323162222755176	0.003196306490277901	0.9830968744340356	Prostate_cancer
DRUG_21:CARBACHOL	11	7977	7275	20749320	0.00016087371312348517	0.0013789645230036355	0.9330680072309447	prostatic_hyperplasia
DRUG_968:NITRIC OXIDE	51	80983	7275	20749320	8.096959016272887e-05	0.0006297618018596496	0.8908543739619139	prostatic_hyperplasia
DRUG_860:IBUPROFEN	25	5802	42948	20749320	0.0006818371106158529	0.0043088590141330575	0.800681649153125	Prostate_cancer
DRUG_236:NIFUROXAZIDE	2	55	42948	20749320	0.005915009489504443	0.03636363636363636	0.7887118604625745	Prostate_cancer
DRUG_1075:NEOMYCIN	23	5200	42948	20749320	0.0007754269471651925	0.004423076923076923	0.7561836031119173	Prostate_cancer
DRUG_325:CATECHIN	12	1973	42948	20749320	0.0010722524481054118	0.006082108464267613	0.7537571143268895	Prostate_cancer
DRUG_8:OCTREOTIDE	19	4065	42948	20749320	0.0011408949239753523	0.004674046740467405	0.6124474031330598	Prostate_cancer
DRUG_373:PIPLARTINE	1	11	42948	20749320	0.022534187562505543	0.09090909090909091	0.6057654100110457	Prostate_cancer
DRUG_1109:SPERMIDINE	18	3799	42948	20749320	0.0013068802295062249	0.0047380889707817845	0.5593674235456887	Prostate_cancer
DRUG_569:ELLAGIC ACID	6	655	42948	20749320	0.002701727680864259	0.00916030534351145	0.5302683779701276	Prostate_cancer
DRUG_244:GALLIC ACID	8	1108	42948	20749320	0.0025111193415466855	0.007220216606498195	0.45868287344711733	Prostate_cancer
DRUG_267:MITOXANTRONE HYDROCHLORIDE	1	16	42948	20749320	0.03260844580674483	0.0625	0.28254991751511205	Prostate_cancer
DRUG_1119:OLAPARIB	1	16	42948	20749320	0.03260844580674483	0.0625	0.28254991751511205	Prostate_cancer
DRUG_230:CAFFEIC ACID PHENETHYL ESTER	4	369	42948	20749320	0.007678491951520175	0.01084010840108401	0.1497576917836836	Prostate_cancer
DRUG_74:FESOTERODINE	1	46	7275	20749320	0.016001673820504752	0.021739130434782608	0.13307675485074744	prostatic_hyperplasia
DRUG_60:MENTHOL	6	801	42948	20749320	0.007057085321428492	0.00749063670411985	0.02589336613527582	Prostate_cancer
DRUG_472:CRYPTOTANSHINONE	2	103	42948	20749320	0.01959913125058991	0.019417475728155338	-0.004044050324362614	Prostate_cancer
DRUG_14:GENISTEIN	8	5981	7275	20749320	0.001466245578028815	0.001337568968399933	-0.03989053078035232	prostatic_hyperplasia
DRUG_1091:ROQUINIMEX	1	28	42948	20749320	0.05636507715839572	0.03571428571428571	-0.19816813718769466	Prostate_cancer
DRUG_214:KAEMPFEROL	3	982	7275	20749320	0.005252491481833726	0.003054989816700611	-0.2353555898338815	prostatic_hyperplasia
DRUG_1090:ESTRADIOL	5	42753	266	20749320	0.0002541138794270471	0.00011695085724978365	-0.33702497686075006	enlarged_prostate
DRUG_104:TOLTERODINE	1	438	266	20749320	0.005599387080004017	0.00228310502283105	-0.389614601378105	enlarged_prostate
DRUG_1084:ALDESLEUKIN	1	36	42948	20749320	0.0718778293679188	0.027777777777777776	-0.41289745418239376	Prostate_cancer
DRUG_1107:ARSENIC TRIOXIDE	8	1510	42948	20749320	0.014743774242095716	0.005298013245033113	-0.44449563260972624	Prostate_cancer
DRUG_703:CYCLOPHOSPHAMIDE	71	25390	42948	20749320	0.00871086085817322	0.002796376526191414	-0.493465428801795	Prostate_cancer
DRUG_5:TAMOXIFEN	11	11700	7275	20749320	0.0034070016628682054	0.0009401709401709402	-0.5591655221236187	prostatic_hyperplasia
DRUG_484:SHIKONIN	2	164	42948	20749320	0.0459297281992473	0.012195121951219513	-0.5759077277620943	Prostate_cancer
DRUG_216:GOSSYPOL	3	1225	7275	20749320	0.009583199253613318	0.0024489795918367346	-0.5925253520618439	prostatic_hyperplasia
DRUG_860:IBUPROFEN	2	5802	190	20749320	0.0013554230935952758	0.0003447087211306446	-0.5946226096459619	hereditary_prostate_cancer
DRUG_264:BAICALEIN	2	533	7275	20749320	0.015407516589751842	0.00375234521575985	-0.6134298573839185	prostatic_hyperplasia
DRUG_131:TROSPIUM	1	112	7275	20749320	0.03851445128739593	0.008928571428571428	-0.6348417375493807	prostatic_hyperplasia
DRUG_567:PLUMBAGIN	2	175	42948	20749320	0.0515522838136239	0.011428571428571429	-0.65425596271332	Prostate_cancer
DRUG_476:EMODIN	4	588	42948	20749320	0.03510230591306493	0.006802721088435374	-0.7126529814825484	Prostate_cancer
DRUG_546:PTEROSTILBENE	1	53	42948	20749320	0.10400093908702991	0.018867924528301886	-0.741313130423356	Prostate_cancer
DRUG_1129:EVEROLIMUS	5	856	42948	20749320	0.03423797501907521	0.005841121495327103	-0.7680118310644755	Prostate_cancer
DRUG_1095:PALIPERIDONE	1	132	7275	20749320	0.04523428617254879	0.007575757575757576	-0.7760416724536991	prostatic_hyperplasia
DRUG_551:CAPSAZEPINE	4	619	42948	20749320	0.04107027164026314	0.006462035541195477	-0.8031582329947295	Prostate_cancer
DRUG_520:MYRICETIN	3	395	42948	20749320	0.04980266639883754	0.007594936708860759	-0.8167284361022955	Prostate_cancer
DRUG_348:LAVENDUSTIN A	2	210	42948	20749320	0.07091600544807174	0.009523809523809525	-0.8719335637777466	Prostate_cancer
DRUG_333:BROMOENOL LACTONE	2	214	42948	20749320	0.07325927048300558	0.009345794392523364	-0.8942463673238286	Prostate_cancer
DRUG_1074:EPOETIN BETA	2	222	42948	20749320	0.07801908370508442	0.009009009009009009	-0.9375238242220247	Prostate_cancer
DRUG_549:FISETIN	1	167	7275	20749320	0.056881195594480766	0.005988023952095809	-0.9776851874668417	prostatic_hyperplasia
DRUG_498:LUTEOLIN	2	739	7275	20749320	0.02826691675247288	0.0027063599458728013	-1.018892882617136	prostatic_hyperplasia
DRUG_1172:LIDOCAINE	9	10077	7275	20749320	0.010411681410373493	0.0008931229532598987	-1.0666096196777515	prostatic_hyperplasia
DRUG_1144:TEMOZOLOMIDE	7	1612	42948	20749320	0.0532282768469822	0.004342431761786601	-1.088409404488735	Prostate_cancer
DRUG_91:FLAVOXATE	1	94	42948	20749320	0.1769744364169771	0.010638297872340425	-1.2210383915725505	Prostate_cancer
DRUG_775:ETHOXZOLAMIDE	1	94	42948	20749320	0.1769744364169771	0.010638297872340425	-1.2210383915725505	Prostate_cancer
DRUG_531:NORDIHYDROGUAIARETIC ACID	6	1392	42948	20749320	0.07221048810259574	0.004310344827586207	-1.2240882654838128	Prostate_cancer
DRUG_1021:CLIOQUINOL	2	291	42948	20749320	0.12253102773592922	0.006872852233676976	-1.2511090695183187	Prostate_cancer
DRUG_477:MENADIONE	6	1447	42948	20749320	0.08320635696924414	0.00414651002073255	-1.3024737884107231	Prostate_cancer
DRUG_736:TELMISARTAN	4	848	42948	20749320	0.10141919743666983	0.0047169811320754715	-1.3324560304397113	Prostate_cancer
DRUG_439:HYPERICIN	3	574	42948	20749320	0.11775779089028673	0.005226480836236934	-1.3527802874811994	Prostate_cancer
DRUG_701:IRINOTECAN	12	3624	42948	20749320	0.0790779202350845	0.0033112582781456954	-1.3780621817183614	Prostate_cancer
DRUG_188:CALCIMYCIN	1	114	42948	20749320	0.21038371512891035	0.008771929824561403	-1.379916971307868	Prostate_cancer
DRUG_65:ANANDAMIDE	7	1881	42948	20749320	0.09963958604061368	0.003721424774056353	-1.4277226700985972	Prostate_cancer
DRUG_139:DARIFENACIN	1	123	42948	20749320	0.2249721066221486	0.008130081300813009	-1.4420337864795134	Prostate_cancer
DRUG_1036:METHYLNALTREXONE	1	124	42948	20749320	0.22657629981174743	0.008064516129032258	-1.4486361652735367	Prostate_cancer
DRUG_1182:RILUZOLE	3	624	42948	20749320	0.14078359539385973	0.004807692307692308	-1.466615387176594	Prostate_cancer
DRUG_580:PROTOPORPHYRIN	13	4143	42948	20749320	0.09530073785457649	0.00313782283369539	-1.4824678441159373	Prostate_cancer
DRUG_381:HELENALIN	1	130	42948	20749320	0.23613201315486512	0.007692307692307693	-1.4870982220370583	Prostate_cancer
DRUG_389:TRIMETREXATE	2	360	42948	20749320	0.171546008988791	0.005555555555555556	-1.4896531237688446	Prostate_cancer
DRUG_811:DEQUALINIUM	1	135	42948	20749320	0.24400485572796757	0.007407407407407408	-1.5177322374356983	Prostate_cancer
DRUG_318:NIFEDIPINE	9	11788	7275	20749320	0.02553301927355385	0.0007634882931795045	-1.524299790800275	prostatic_hyperplasia
DRUG_718:CEPHRADINE	1	333	7275	20749320	0.11021535859509084	0.003003003003003003	-1.56468635150966	prostatic_hyperplasia
DRUG_12:FLUTAMIDE	1	1704	266	20749320	0.021608908521432435	0.0005868544600938967	-1.5661024214004382	enlarged_prostate
DRUG_1219:FILGRASTIM	4	995	42948	20749320	0.1535847131760695	0.004020100502512563	-1.5821110804148937	Prostate_cancer
DRUG_277:1,2-NAPHTHOQUINONE	1	147	42948	20749320	0.2625702745183917	0.006802721088435374	-1.5865628929702085	Prostate_cancer
DRUG_41:ROSIGLITAZONE	9	2807	42948	20749320	0.13355079568070422	0.003206270039187745	-1.619646383038165	Prostate_cancer
DRUG_230:CAFFEIC ACID PHENETHYL ESTER	1	369	7275	20749320	0.12137786863183418	0.0027100271002710027	-1.6511658732667107	prostatic_hyperplasia
DRUG_520:MYRICETIN	1	395	7275	20749320	0.12935248884553674	0.002531645569620253	-1.7083718849332492	prostatic_hyperplasia
DRUG_865:MEDROXYPROGESTERONE ACETATE	10	3341	42948	20749320	0.1607968026882644	0.00299311583358276	-1.7301538845490154	Prostate_cancer
DRUG_716:CEFMETAZOLE	1	406	7275	20749320	0.13270454333408574	0.0024630541871921183	-1.7314118254027884	prostatic_hyperplasia
DRUG_1080:ADENOSINE TRIPHOSPHATE	7	9049	7275	20749320	0.04291365447334873	0.0007735661399049619	-1.7440980482834263	prostatic_hyperplasia
DRUG_68:METHIONINE	57	23583	42948	20749320	0.1360846409948736	0.0024169952932196924	-1.7505333072449665	Prostate_cancer
DRUG_612:MESNA	3	789	42948	20749320	0.2251319442162938	0.0038022813688212928	-1.77239287037867	Prostate_cancer
DRUG_742:OLMESARTAN MEDOXOMIL	1	198	42948	20749320	0.3365203496136844	0.005050505050505051	-1.8236765216973512	Prostate_cancer
DRUG_126:TIOTROPIUM	1	460	7275	20749320	0.14897386216506814	0.002173913043478261	-1.8358679087297707	prostatic_hyperplasia
DRUG_731:CANDESARTAN	5	1553	42948	20749320	0.22181976838427364	0.003219575016097875	-1.8382016988758236	Prostate_cancer
DRUG_730:OLMESARTAN	2	503	42948	20749320	0.2793853829358911	0.003976143141153081	-1.8467416700665176	Prostate_cancer
DRUG_479:CHLOROTHALONIL	1	222	42948	20749320	0.36870723208184003	0.0045045045045045045	-1.9130346306963868	Prostate_cancer
DRUG_726:IRBESARTAN	3	898	42948	20749320	0.2851103500651295	0.0033407572383073497	-1.9311680652851058	Prostate_cancer
DRUG_1157:GLIPIZIDE	1	521	7275	20749320	0.16698541679150508	0.0019193857965451055	-1.9395162681984552	prostatic_hyperplasia
DRUG_986:HYDROMORPHONE	1	529	7275	20749320	0.16931914912008916	0.001890359168241966	-1.95216174938158	prostatic_hyperplasia
DRUG_259:TANSHINONE IIA	1	234	42948	20749320	0.384210295671238	0.004273504273504274	-1.953784855867354	Prostate_cancer
DRUG_1132:MITOTANE	1	234	42948	20749320	0.384210295671238	0.004273504273504274	-1.953784855867354	Prostate_cancer
DRUG_75:PROPANTHELINE	1	238	42948	20749320	0.38929288141447654	0.004201680672268907	-1.9668534193652782	Prostate_cancer
DRUG_857:EBSELEN	2	568	42948	20749320	0.3286305423156427	0.0035211267605633804	-1.9700262635488393	Prostate_cancer
DRUG_15:BICALUTAMIDE	1	548	7275	20749320	0.17483559198053358	0.0018248175182481751	-1.9814104068472644	prostatic_hyperplasia
DRUG_1067:ZAPRINAST	1	567	7275	20749320	0.1803153903625581	0.001763668430335097	-2.0096158553007193	prostatic_hyperplasia
DRUG_592:CHELERYTHRINE CHLORIDE	1	252	42948	20749320	0.40675397563180576	0.003968253968253968	-2.010732347225148	Prostate_cancer
DRUG_645:CARVEDILOL	2	1706	7275	20749320	0.12126305751155354	0.0011723329425556857	-2.0146775454512276	prostatic_hyperplasia
DRUG_1137:HEPTACHLOR	2	604	42948	20749320	0.3555262621816381	0.0033112582781456954	-2.0308786298775168	Prostate_cancer
DRUG_253:DOXORUBICIN HYDROCHLORIDE	1	262	42948	20749320	0.41891969267638274	0.003816793893129771	-2.040432067578952	Prostate_cancer
DRUG_77:ATROPINE SULFATE	1	619	7275	20749320	0.19512740085756958	0.0016155088852988692	-2.082008908705094	prostatic_hyperplasia
DRUG_725:LOSARTAN	4	4950	7275	20749320	0.09852006911370603	0.0008080808080808081	-2.0860699154386344	prostatic_hyperplasia
DRUG_967:SODIUM NITROPRUSSIDE	6	8691	7275	20749320	0.08867158567521027	0.0006903693476009665	-2.1087029743723598	prostatic_hyperplasia
DRUG_1029:ETHYLKETOCYCLAZOCINE	1	292	42948	20749320	0.4539403228359657	0.003424657534246575	-2.1223816136302407	Prostate_cancer
DRUG_912:LORAZEPAM	2	1890	7275	20749320	0.14290940452202605	0.0010582010582010583	-2.1304926181093857	prostatic_hyperplasia
DRUG_656:BISOPROLOL	1	658	7275	20749320	0.20606051640749096	0.001519756838905775	-2.132220677488858	prostatic_hyperplasia
DRUG_1077:ADENOSINE DIPHOSPHATE	10	4087	42948	20749320	0.3416910176016892	0.002446782481037436	-2.1450381998955037	Prostate_cancer
DRUG_1070:PIROXICAM	5	1930	42948	20749320	0.37014834917437306	0.0025906735751295338	-2.1549631214831564	Prostate_cancer
DRUG_447:CHELERYTHRINE	4	1552	42948	20749320	0.4002921669627443	0.002577319587628866	-2.191208817377702	Prostate_cancer
DRUG_1089:WARFARIN	20	8736	42948	20749320	0.35628838094701143	0.0022893772893772895	-2.1920842893396495	Prostate_cancer
DRUG_1141:PERMETHRIN	3	1149	42948	20749320	0.4247062277368955	0.0026109660574412533	-2.211287403341544	Prostate_cancer
DRUG_707:CEFTRIAXONE	1	3608	266	20749320	0.04520419843107032	0.0002771618625277162	-2.2124453015301793	enlarged_prostate
DRUG_958:GLUTETHIMIDE	1	338	42948	20749320	0.5035836334768797	0.0029585798816568047	-2.230988307324716	Prostate_cancer
DRUG_17:ESTRAMUSTINE	1	743	7275	20749320	0.2293773397467475	0.0013458950201884253	-2.2315393253683755	prostatic_hyperplasia
DRUG_1008:OXYCODONE	1	753	7275	20749320	0.23207510380197127	0.0013280212483399733	-2.2424235295762425	prostatic_hyperplasia
DRUG_1122:ESTRADIOL BENZOATE	2	2115	7275	20749320	0.1703479323389817	0.0009456264775413711	-2.2556172425731047	prostatic_hyperplasia
DRUG_710:VALGANCICLOVIR	1	353	42948	20749320	0.5187751623765737	0.0028328611898017	-2.2627538803923537	Prostate_cancer
DRUG_893:OXAZEPAM	1	780	7275	20749320	0.2393119140593169	0.001282051282051282	-2.27105892303989	prostatic_hyperplasia
DRUG_179:APIGENIN	1	811	7275	20749320	0.2475368657928657	0.0012330456226880395	-2.3026607419983964	prostatic_hyperplasia
DRUG_9:DOCETAXEL	1	4863	190	20749320	0.04355840343964314	0.00020563438206868187	-2.3259762226064566	hereditary_prostate_cancer
DRUG_756:DISULFIRAM	4	1746	42948	20749320	0.48788669117237526	0.002290950744558992	-2.328303219404046	Prostate_cancer
DRUG_1138:FLUDARABINE	6	2692	42948	20749320	0.4834938451297258	0.002228826151560178	-2.336314755059476	Prostate_cancer
DRUG_659:TIMOLOL MALEATE	1	399	42948	20749320	0.5625242988998373	0.002506265664160401	-2.351114182737154	Prostate_cancer
DRUG_1077:ADENOSINE DIPHOSPHATE	3	4087	7275	20749320	0.17448426934841882	0.0007340347443112308	-2.3760396621775186	prostatic_hyperplasia
DRUG_815:PIMECROLIMUS	1	429	42948	20749320	0.588890376654945	0.002331002331002331	-2.4024917495442923	Prostate_cancer
DRUG_765:ATORVASTATIN	7	3360	42948	20749320	0.5436772805443492	0.0020833333333333333	-2.4165824222434367	Prostate_cancer
DRUG_721:LEUCOVORIN	7	3361	42948	20749320	0.5439879203866074	0.0020827134781315083	-2.4169597284628006	Prostate_cancer
DRUG_104:TOLTERODINE	1	438	42948	20749320	0.5964858651919847	0.00228310502283105	-2.417074267241631	Prostate_cancer
DRUG_1035:ALCOHOL	41	95402	7275	20749320	0.11303779960292934	0.00042976038238192073	-2.4199973175289036	prostatic_hyperplasia
DRUG_729:VALSARTAN	3	1443	42948	20749320	0.5740826507714116	0.002079002079002079	-2.4411194987194307	Prostate_cancer
DRUG_704:CYTARABINE	6	2938	42948	20749320	0.5674661418845124	0.0020422055820285907	-2.4438404953385966	Prostate_cancer
DRUG_126:TIOTROPIUM	1	460	42948	20749320	0.6144670251223482	0.002173913043478261	-2.451256413466039	Prostate_cancer
DRUG_723:LATANOPROST	1	1009	7275	20749320	0.2980127471732573	0.0009910802775024777	-2.4781260071876794	prostatic_hyperplasia
DRUG_584:SULFASALAZINE	3	1531	42948	20749320	0.6138413945932548	0.001959503592423253	-2.495910107850975	Prostate_cancer
DRUG_191:ARISTOLOCHIC ACID	1	493	42948	20749320	0.6399476887262471	0.002028397565922921	-2.49899139415792	Prostate_cancer
DRUG_429:DAUNORUBICIN	6	3087	42948	20749320	0.6149427015918192	0.001943634596695821	-2.500220030578287	Prostate_cancer
DRUG_1173:MEPHENYTOIN	1	499	42948	20749320	0.6443962952791294	0.002004008016032064	-2.5072535805604277	Prostate_cancer
DRUG_469:IDARUBICIN	2	1038	42948	20749320	0.6330057657123784	0.0019267822736030828	-2.5165750236409568	Prostate_cancer
DRUG_55:METHOTREXATE	41	20880	42948	20749320	0.652845903794885	0.0019636015325670496	-2.521757321138042	Prostate_cancer
DRUG_1063:MALEIC ACID	1	511	42948	20749320	0.6531292013151888	0.0019569471624266144	-2.5234200015750625	Prostate_cancer
DRUG_1218:TETRODOTOXIN	17	8811	42948	20749320	0.6458963562484136	0.0019294064237884462	-2.524739114390817	Prostate_cancer
DRUG_1204:TETRACAINE	1	1077	7275	20749320	0.31455507821887885	0.0009285051067780873	-2.5299124041832872	prostatic_hyperplasia
DRUG_1089:WARFARIN	5	8736	7275	20749320	0.1953631708312104	0.0005723443223443224	-2.5331853164753806	prostatic_hyperplasia
DRUG_344:CARBONYL CYANIDE M-CHLOROPHENYLHYDRAZONE	1	523	42948	20749320	0.6616475804428325	0.0019120458891013384	-2.5391284175471305	Prostate_cancer
DRUG_1082:VASOACTIVE INTESTINAL PEPTIDE	1	5370	266	20749320	0.06653434941734011	0.00018621973929236498	-2.5530202003406806	enlarged_prostate
DRUG_98:PROMETHAZINE	1	1132	7275	20749320	0.32764939496248724	0.0008833922261484099	-2.569255797176775	prostatic_hyperplasia
DRUG_67:CLOTRIMAZOLE	2	1117	42948	20749320	0.6722282322039652	0.0017905102954341987	-2.574539925443641	Prostate_cancer
DRUG_700:RIMONABANT	1	565	42948	20749320	0.6898481996000658	0.0017699115044247787	-2.5908019830074283	Prostate_cancer
DRUG_1:APROTININ	5	2818	42948	20749320	0.6922316489409672	0.0017743080198722497	-2.5912224358620626	Prostate_cancer
DRUG_691:SPIRONOLACTONE	5	2834	42948	20749320	0.6968890086436504	0.0017642907551164433	-2.596593456442494	Prostate_cancer
DRUG_9:DOCETAXEL	3	4863	7275	20749320	0.24408376571302998	0.0006169031462060457	-2.5973219098096996	prostatic_hyperplasia
DRUG_10:SELENOMETHIONINE	1	1191	7275	20749320	0.34141804003828524	0.0008396305625524769	-2.6091982263636893	prostatic_hyperplasia
DRUG_784:MEMANTINE	1	1213	7275	20749320	0.34647964379240415	0.0008244023083264633	-2.623538525100617	prostatic_hyperplasia
DRUG_136:OXYBUTYNIN	1	644	42948	20749320	0.7366800951592061	0.0015527950310559005	-2.6761648028868756	Prostate_cancer
DRUG_720:FUROSEMIDE	1	6303	266	20749320	0.07763599406366906	0.00015865460891638903	-2.689610425277703	enlarged_prostate
DRUG_963:EPOETIN ALFA	1	669	42948	20749320	0.7499732132377137	0.0014947683109118087	-2.700471869758456	Prostate_cancer
DRUG_233:DANTROLENE	1	1376	7275	20749320	0.38278958351106923	0.0007267441860465116	-2.721578545122339	prostatic_hyperplasia
DRUG_531:NORDIHYDROGUAIARETIC ACID	1	1392	7275	20749320	0.38624318445760086	0.0007183908045977011	-2.730500064332495	prostatic_hyperplasia
DRUG_468:EPINEPHRINE	8	17045	7275	20749320	0.2526696103357239	0.00046934584922264595	-2.7310600291625917	prostatic_hyperplasia
DRUG_865:MEDROXYPROGESTERONE ACETATE	2	3341	7275	20749320	0.3270283101170561	0.000598623166716552	-2.737431830173983	prostatic_hyperplasia
DRUG_825:CARBENOXOLONE	1	710	42948	20749320	0.770336958372271	0.0014084507042253522	-2.737939083179132	Prostate_cancer
DRUG_103:DESIPRAMINE	5	3385	42948	20749320	0.8279010710368249	0.0014771048744460858	-2.74856711311533	Prostate_cancer
DRUG_1146:METFORMIN	7	4653	42948	20749320	0.8451267170790684	0.0015044057597249087	-2.7495568438382265	Prostate_cancer
DRUG_338:LINOLENIC ACID	2	3400	7275	20749320	0.3345287821421115	0.000588235294117647	-2.754882410859538	prostatic_hyperplasia
DRUG_1035:ALCOHOL	161	95402	42948	20749320	0.9966994508564111	0.0016875956478899813	-2.7712958222641517	Prostate_cancer
DRUG_1068:HEPARIN	72	43592	42948	20749320	0.9789444336904333	0.0016516792071939806	-2.7728323397812016	Prostate_cancer
DRUG_1008:OXYCODONE	1	753	42948	20749320	0.789914619995759	0.0013280212483399733	-2.774375128163822	Prostate_cancer
DRUG_774:ISOTRETINOIN	2	1503	42948	20749320	0.8171402777170816	0.0013306719893546241	-2.7882256027882253	Prostate_cancer
DRUG_769:DULOXETINE	1	779	42948	20749320	0.800933205431553	0.0012836970474967907	-2.795133756875329	Prostate_cancer
DRUG_1196:PRILOCAINE	1	794	42948	20749320	0.8070251864093204	0.0012594458438287153	-2.806707591235782	Prostate_cancer
DRUG_1161:GLYBURIDE	1	802	42948	20749320	0.8101977527365736	0.0012468827930174563	-2.8127654025211934	Prostate_cancer
DRUG_863:THROMBIN	35	24343	42948	20749320	0.9906890305894824	0.0014377849895247095	-2.8382434090259996	Prostate_cancer
DRUG_1078:ADENOSINE	25	62825	7275	20749320	0.2900638314854729	0.0003979307600477517	-2.8626860679104027	prostatic_hyperplasia
DRUG_1109:SPERMIDINE	2	3799	7275	20749320	0.3844961831900593	0.0005264543300868649	-2.8635313309027715	prostatic_hyperplasia
DRUG_113:BETHANECHOL	1	886	42948	20749320	0.8405184647316035	0.001128668171557562	-2.8719809804632086	Prostate_cancer
DRUG_636:SOTALOL	1	1682	7275	20749320	0.4455949972313119	0.0005945303210463733	-2.8747662977590025	prostatic_hyperplasia
DRUG_92:SCOPOLAMINE	2	3871	7275	20749320	0.3933455341128248	0.0005166623611469904	-2.881567399383037	prostatic_hyperplasia
DRUG_992:TRAMADOL	1	1707	7275	20749320	0.4504345707979869	0.0005858230814294083	-2.8858652362853507	prostatic_hyperplasia
DRUG_626:ATENOLOL	2	3934	7275	20749320	0.40104078423874806	0.0005083884087442806	-2.8969929007918083	prostatic_hyperplasia
DRUG_39:BROMOCRIPTINE	5	4252	42948	20749320	0.9381455160616239	0.0011759172154280338	-2.901893458680124	Prostate_cancer
DRUG_720:FUROSEMIDE	3	6303	7275	20749320	0.37996321602324346	0.00047596382674916705	-2.9021676073086287	prostatic_hyperplasia
DRUG_969:ISOSORBIDE DINITRATE	1	1757	7275	20749320	0.4599872915694581	0.0005691519635742744	-2.9075175947475236	prostatic_hyperplasia
DRUG_823:DIAZOXIDE	1	1771	7275	20749320	0.4626322201493688	0.000564652738565782	-2.9134544372377134	prostatic_hyperplasia
DRUG_594:RALOXIFENE	1	1777	7275	20749320	0.46376176080289	0.0005627462014631402	-2.915982364093166	prostatic_hyperplasia
DRUG_877:ACETAMINOPHEN	7	6142	42948	20749320	0.9695530914289059	0.0011396939107782482	-2.9297833675429015	Prostate_cancer
DRUG_912:LORAZEPAM	2	1890	42948	20749320	0.9020052654051068	0.0010582010582010583	-2.9306408812282654	Prostate_cancer
DRUG_812:SODIUM CHLORIDE	3	6483	7275	20749320	0.3968208936891505	0.00046274872744099955	-2.933249297741932	prostatic_hyperplasia
DRUG_220:DIAMIDE	1	999	42948	20749320	0.8738107978782403	0.001001001001001001	-2.940982895308117	Prostate_cancer
DRUG_723:LATANOPROST	1	1009	42948	20749320	0.8763986898975795	0.0009910802775024777	-2.9465928859121173	Prostate_cancer
DRUG_42:ETHER	8	19354	7275	20749320	0.369381877212092	0.0004133512452206262	-2.951156333788278	prostatic_hyperplasia
DRUG_1172:LIDOCAINE	11	10077	42948	20749320	0.993286742600381	0.0010915947206509874	-2.959013212384425	Prostate_cancer
DRUG_725:LOSARTAN	5	4950	42948	20749320	0.9751854786306733	0.00101010101010101	-2.984722420229283	Prostate_cancer
DRUG_325:CATECHIN	1	1973	7275	20749320	0.49938368521954984	0.0005068423720223011	-2.9935614351720825	prostatic_hyperplasia
DRUG_1079:SPERMINE	2	4405	7275	20749320	0.45699186415482085	0.0004540295119182747	-3.002824385460021	prostatic_hyperplasia
DRUG_968:NITRIC OXIDE	80	80983	42948	20749320	0.9999998643086824	0.0009878616499759208	-3.005303815165839	Prostate_cancer
DRUG_1081:TESTOSTERONE	2	39547	190	20749320	0.05154154332442142	5.057273623789415e-05	-3.008240966852809	hereditary_prostate_cancer
DRUG_890:ARIPIPRAZOLE	1	1147	42948	20749320	0.9071383066931353	0.0008718395815170009	-3.0172369246465256	Prostate_cancer
DRUG_709:CEFOPERAZONE	1	1181	42948	20749320	0.9134554673891664	0.000846740050804403	-3.032937277174454	Prostate_cancer
DRUG_261:BILIRUBIN	14	15227	42948	20749320	0.9998380976596087	0.0009194194522886977	-3.0364159930725148	Prostate_cancer
DRUG_1207:VERATRIDINE	1	1210	42948	20749320	0.9185028251001746	0.0008264462809917355	-3.045865866748729	Prostate_cancer
DRUG_784:MEMANTINE	1	1213	42948	20749320	0.9190078617051809	0.0008244023083264633	-3.0471800274654965	Prostate_cancer
DRUG_49:ADRIAMYCIN	1	9687	266	20749320	0.11680934957612898	0.00010323113451016826	-3.0536669054140093	enlarged_prostate
DRUG_42:ETHER	17	19354	42948	20749320	0.9999865114021934	0.0008783713960938308	-3.056315957272677	Prostate_cancer
DRUG_82:IPRATROPIUM	1	1237	42948	20749320	0.9229371181235906	0.0008084074373484236	-3.057541812158568	Prostate_cancer
DRUG_88:ATROPINE	6	15328	7275	20749320	0.44944186438691436	0.00039144050104384135	-3.0600077647641974	prostatic_hyperplasia
DRUG_1078:ADENOSINE	54	62825	42948	20749320	0.9999999479517251	0.0008595304417031436	-3.065738714837366	Prostate_cancer
DRUG_956:ALPRAZOLAM	1	1316	42948	20749320	0.9345737461972885	0.0007598784194528875	-3.089869466049909	Prostate_cancer
DRUG_764:INDOMETHACIN	18	22619	42948	20749320	0.9999994097342061	0.0007957911490339979	-3.0992006391332536	Prostate_cancer
DRUG_1090:ESTRADIOL	2	42753	190	20749320	0.05911667888762952	4.6780342899913456e-05	-3.1016466270049765	hereditary_prostate_cancer
DRUG_702:ZIDOVUDINE	4	5193	42948	20749320	0.9941028168525863	0.0007702676680146351	-3.1107896356669205	Prostate_cancer
DRUG_1080:ADENOSINE TRIPHOSPHATE	7	9049	42948	20749320	0.999378708088363	0.0007735661399049619	-3.1112326406956856	Prostate_cancer
DRUG_913:ETOMIDATE	1	1406	42948	20749320	0.9457050583058061	0.0007112375533428165	-3.123741032643244	Prostate_cancer
DRUG_1004:SUFENTANIL	1	1413	42948	20749320	0.946486850165229	0.0007077140835102619	-3.1262567464026265	Prostate_cancer
DRUG_51:SURAMIN	1	2396	7275	20749320	0.568404550062482	0.00041736227045075126	-3.134144359501768	prostatic_hyperplasia
DRUG_1066:PENTOXIFYLLINE	2	2807	42948	20749320	0.9796809389267753	0.0007125044531528322	-3.1382970752903963	Prostate_cancer
DRUG_1101:BLEOMYCIN	6	8270	42948	20749320	0.9993873635044797	0.0007255139056831923	-3.139088112985727	Prostate_cancer
DRUG_818:CITALOPRAM	1	2467	7275	20749320	0.5790189625640966	0.00040535062829347385	-3.154861936364145	prostatic_hyperplasia
DRUG_627:TIMOLOL	1	2481	7275	20749320	0.5810809109721149	0.00040306328093510683	-3.158863372982975	prostatic_hyperplasia
DRUG_840:MERCURIC CHLORIDE	1	1508	42948	20749320	0.9560491199254189	0.000663129973474801	-3.158881547580295	Prostate_cancer
DRUG_967:SODIUM NITROPRUSSIDE	6	8691	42948	20749320	0.9996770938914399	0.0006903693476009665	-3.1607782405521996	Prostate_cancer
DRUG_318:NIFEDIPINE	8	11788	42948	20749320	0.9999649415231576	0.0006786562606040041	-3.168334914216006	Prostate_cancer
DRUG_749:CAPTOPRIL	3	8139	7275	20749320	0.5433096717705058	0.00036859565057132326	-3.1684972299920293	prostatic_hyperplasia
DRUG_908:MIDAZOLAM	4	5944	42948	20749320	0.9982031703076022	0.0006729475100942127	-3.1712377542823607	Prostate_cancer
DRUG_1082:VASOACTIVE INTESTINAL PEPTIDE	2	5370	7275	20749320	0.5614192551176058	0.00037243947858472997	-3.1782315936811973	prostatic_hyperplasia
DRUG_278:3-METHYLCHOLANTHRENE	2	3129	42948	20749320	0.9885533637771073	0.0006391818472355385	-3.1893756857129767	Prostate_cancer
DRUG_886:THIOPENTAL	1	2650	7275	20749320	0.6051893444341373	0.0003773584905660377	-3.205137146734429	prostatic_hyperplasia
DRUG_776:ACETAZOLAMIDE	2	3305	42948	20749320	0.9916641097778838	0.000605143721633888	-3.214506063727	Prostate_cancer
DRUG_1216:PHENYTOIN	4	6597	42948	20749320	0.9993812494835533	0.0006063362134303471	-3.2170176896479146	Prostate_cancer
DRUG_997:SIROLIMUS	2	3426	42948	20749320	0.9933055434426178	0.0005837711617046118	-3.2308402221559787	Prostate_cancer
DRUG_969:ISOSORBIDE DINITRATE	1	1757	42948	20749320	0.9737645882366597	0.0005691519635742744	-3.233225738510421	Prostate_cancer
DRUG_823:DIAZOXIDE	1	1771	42948	20749320	0.9745148055678763	0.000564652738565782	-3.2370070028249214	Prostate_cancer
DRUG_717:AZATHIOPRINE	4	6985	42948	20749320	0.9996754781223967	0.000572655690765927	-3.2419654581878476	Prostate_cancer
DRUG_860:IBUPROFEN	2	5802	7275	20749320	0.6032750498531434	0.0003447087211306446	-3.2430630930132005	prostatic_hyperplasia
DRUG_1071:CORTISONE	7	12265	42948	20749320	0.9999954738487364	0.0005707297187117815	-3.2435675468411813	Prostate_cancer
DRUG_810:APAMIN	1	1809	42948	20749320	0.9764445657410694	0.000552791597567717	-3.247086159618218	Prostate_cancer
DRUG_616:ISOPROTERENOL	7	12580	42948	20749320	0.9999971999302466	0.0005564387917329094	-3.254581385038448	Prostate_cancer
DRUG_757:CYCLOSPORINE	10	18004	42948	20749320	0.9999998400888516	0.000555432126194179	-3.2553689348179065	Prostate_cancer
DRUG_953:PICROTOXIN	1	2886	7275	20749320	0.6365521197389371	0.0003465003465003465	-3.2641302954515075	prostatic_hyperplasia
DRUG_21:CARBACHOL	4	7977	42948	20749320	0.9999396791640544	0.0005014416447285947	-3.2997534029269278	Prostate_cancer
DRUG_320:ARACHIDONIC ACID	7	21926	7275	20749320	0.6471539270475328	0.0003192556781902764	-3.3068689606535	prostatic_hyperplasia
DRUG_922:ISOFLURANE	2	6651	7275	20749320	0.6765443284267756	0.00030070666065253347	-3.3521532098080633	prostatic_hyperplasia
DRUG_178:METHYLPHENIDATE	1	3342	7275	20749320	0.6902690580962696	0.0002992220227408737	-3.3630248517586177	prostatic_hyperplasia
DRUG_103:DESIPRAMINE	1	3385	7275	20749320	0.694905211261674	0.0002954209748892171	-3.371484241591825	prostatic_hyperplasia
DRUG_689:DIGOXIN	3	7190	42948	20749320	0.9999568836666871	0.0004172461752433936	-3.3795889100738905	Prostate_cancer
DRUG_468:EPINEPHRINE	7	17045	42948	20749320	0.9999998881708639	0.0004106776180698152	-3.3864989169838737	Prostate_cancer
DRUG_627:TIMOLOL	1	2481	42948	20749320	0.9941476580327323	0.00040306328093510683	-3.392077658031977	Prostate_cancer
DRUG_995:MORPHINE	11	27664	42948	20749320	0.9999998890063366	0.00039762868710237133	-3.400522242567684	Prostate_cancer
DRUG_1068:HEPARIN	13	43592	7275	20749320	0.7555607924419151	0.0002982198568544687	-3.4037328560159357	prostatic_hyperplasia
DRUG_826:OCTANOL	1	2720	42948	20749320	0.996433511619496	0.0003676470588235294	-3.433017229147853	Prostate_cancer
DRUG_930:DIAZEPAM	4	11055	42948	20749320	0.9999996009200762	0.0003618272274988693	-3.441498582268527	Prostate_cancer
DRUG_668:AMIODARONE	2	5600	42948	20749320	0.9998847888177382	0.00035714285714285714	-3.447107992878959	Prostate_cancer
DRUG_282:METHYLENE BLUE	2	5733	42948	20749320	0.9999105663836478	0.00034885749171463456	-3.457313103847688	Prostate_cancer
DRUG_953:PICROTOXIN	1	2886	42948	20749320	0.9974716137088214	0.0003465003465003465	-3.4591968720335187	Prostate_cancer
DRUG_509:ITRACONAZOLE	1	2967	42948	20749320	0.997862277208844	0.0003370407819346141	-3.4713881513560967	Prostate_cancer
DRUG_819:ASPIRIN	6	22526	7275	20749320	0.7994318714322739	0.0002663588741898251	-3.477314287942739	prostatic_hyperplasia
DRUG_8:OCTREOTIDE	1	4065	7275	20749320	0.7596441846313227	0.0002460024600246002	-3.489670767426728	prostatic_hyperplasia
DRUG_793:KETAMINE	2	8079	7275	20749320	0.7745292160787628	0.00024755539051862855	-3.4953654169284287	prostatic_hyperplasia
DRUG_712:DOXORUBICIN	1	16519	266	20749320	0.1909174127707187	6.053635207942369e-05	-3.4988292935416383	enlarged_prostate
DRUG_580:PROTOPORPHYRIN	1	4143	7275	20749320	0.7661306830963404	0.0002413709872073377	-3.5016177892322586	prostatic_hyperplasia
DRUG_39:BROMOCRIPTINE	1	4252	7275	20749320	0.7749030439151221	0.00023518344308560678	-3.5178406227100982	prostatic_hyperplasia
DRUG_178:METHYLPHENIDATE	1	3342	42948	20749320	0.9990171214727025	0.0002992220227408737	-3.5235793769238932	Prostate_cancer
DRUG_89:METOCLOPRAMIDE	1	3378	42948	20749320	0.9990878186630432	0.0002960331557134399	-3.528263309121157	Prostate_cancer
DRUG_813:TACROLIMUS	2	6866	42948	20749320	0.9999897831645415	0.00029129041654529564	-3.535669366287821	Prostate_cancer
DRUG_517:PHENANTHROLINE	1	3502	42948	20749320	0.9992945291949776	0.00028555111364934324	-3.544009651547002	Prostate_cancer
DRUG_262:QUERCETIN	1	4467	7275	20749320	0.7912536024464052	0.00022386389075442132	-3.54833165277249	prostatic_hyperplasia
DRUG_90:PILOCARPINE	1	3600	42948	20749320	0.9994241570053946	0.0002777777777777778	-3.5560523432996605	Prostate_cancer
DRUG_613:PROPRANOLOL	1	17761	266	20749320	0.2037081936187212	5.6303136084679915e-05	-3.558475911960878	enlarged_prostate
DRUG_162:OLANZAPINE	1	3680	42948	20749320	0.999512135656083	0.0002717391304347826	-3.5656358901806553	Prostate_cancer
DRUG_1093:LITHIUM	5	18402	42948	20749320	0.9999998214004072	0.00027170959678295836	-3.565894944465286	Prostate_cancer
DRUG_108:ACETYLCHOLINE	11	45416	7275	20749320	0.9202209988826031	0.00024220539017086488	-3.5797083354364925	prostatic_hyperplasia
DRUG_92:SCOPOLAMINE	1	3871	42948	20749320	0.9996715157206234	0.0002583311805734952	-3.587680488973293	Prostate_cancer
DRUG_793:KETAMINE	2	8079	42948	20749320	0.9999989253002683	0.00024755539051862855	-3.6063271457307775	Prostate_cancer
DRUG_1034:FENTANYL	2	8128	42948	20749320	0.9999990703455768	0.00024606299212598425	-3.608953295531889	Prostate_cancer
DRUG_749:CAPTOPRIL	2	8139	42948	20749320	0.9999990951026938	0.0002457304337142155	-3.6095406598251927	Prostate_cancer
DRUG_33:NICOTINE	4	17544	42948	20749320	0.9999998912996635	0.00022799817601459188	-3.6420685801335453	Prostate_cancer
DRUG_413:OMEPRAZOLE	1	4389	42948	20749320	0.9998877478960078	0.000227842333105491	-3.6423168276392515	Prostate_cancer
DRUG_234:ALLOXAN	1	4478	42948	20749320	0.9999065363878018	0.00022331397945511388	-3.651043496614979	Prostate_cancer
DRUG_708:LAMIVUDINE	1	4514	42948	20749320	0.9999132942901238	0.00022153300841825432	-3.654523897297813	Prostate_cancer
DRUG_863:THROMBIN	5	24343	7275	20749320	0.9273204022841212	0.00020539785564638706	-3.654633909694665	prostatic_hyperplasia
DRUG_1069:GENTAMICIN	2	10311	7275	20749320	0.8759036220632719	0.0001939676074095626	-3.6547271134468344	prostatic_hyperplasia
DRUG_879:PROPOFOL	2	9628	42948	20749320	0.9999997885670853	0.0002077274615704196	-3.682505994114853	Prostate_cancer
DRUG_668:AMIODARONE	1	5600	7275	20749320	0.8597104256027259	0.00017857142857142857	-3.682540220412224	prostatic_hyperplasia
DRUG_96:STAUROSPORINE	1	5686	7275	20749320	0.8638792658049375	0.00017587055926837847	-3.6912599058673723	prostatic_hyperplasia
DRUG_849:DIPYRIDAMOLE	1	4963	42948	20749320	0.999965762612409	0.00020149103364900262	-3.6957294058342725	Prostate_cancer
DRUG_930:DIAZEPAM	2	11055	7275	20749320	0.8990079299254019	0.00018091361374943465	-3.6962922738045085	prostatic_hyperplasia
DRUG_40:HALOPERIDOL	2	9951	42948	20749320	0.9999998535550965	0.00020098482564566376	-3.6968366669749457	Prostate_cancer
DRUG_534:NOREPINEPHRINE	6	30713	42948	20749320	0.9999999058190112	0.00019535701494481164	-3.709170948465892	Prostate_cancer
DRUG_628:DOBUTAMINE	1	5238	42948	20749320	0.9999805344305713	0.00019091256204658267	-3.7191570402175436	Prostate_cancer
DRUG_877:ACETAMINOPHEN	1	6142	7275	20749320	0.884000235173022	0.00016281341582546403	-3.734762192656698	prostatic_hyperplasia
DRUG_753:LEVODOPA	1	5481	42948	20749320	0.999988192252325	0.00018244845831052726	-3.738854674002266	Prostate_cancer
DRUG_68:METHIONINE	4	23583	7275	20749320	0.964787159645184	0.00016961370478734683	-3.7549705744755646	prostatic_hyperplasia
DRUG_610:APOMORPHINE	1	5775	42948	20749320	0.9999935354443515	0.00017316017316017316	-3.761549181034261	Prostate_cancer
DRUG_120:CLOZAPINE	1	5806	42948	20749320	0.9999939516674037	0.0001722356183258698	-3.76387440473024	Prostate_cancer
DRUG_616:ISOPROTERENOL	2	12580	7275	20749320	0.9343665009317312	0.0001589825119236884	-3.7691679050923477	prostatic_hyperplasia
DRUG_1030:NALOXONE	2	11908	42948	20749320	0.9999999137854269	0.00016795431642593214	-3.7748087928681913	Prostate_cancer
DRUG_720:FUROSEMIDE	1	6303	42948	20749320	0.9999977727934417	0.00015865460891638903	-3.7995463398610196	Prostate_cancer
DRUG_705:FLUOROURACIL	3	19655	7275	20749320	0.9679156936655166	0.00015263291783261258	-3.802189324949017	prostatic_hyperplasia
DRUG_703:CYCLOPHOSPHAMIDE	1	25390	266	20749320	0.27797354110415734	3.9385584875935406e-05	-3.8486661604632832	enlarged_prostate
DRUG_1209:CARBAMAZEPINE	1	7143	42948	20749320	0.9999995233814399	0.0001399972000559989	-3.8538804431316827	Prostate_cancer
DRUG_261:BILIRUBIN	2	15227	7275	20749320	0.9696236706017469	0.00013134563604124254	-3.868187561087486	prostatic_hyperplasia
DRUG_943:PENTOBARBITAL	1	8051	7275	20749320	0.9406221540718189	0.00012420817289777666	-3.8792650299252665	prostatic_hyperplasia
DRUG_88:ATROPINE	2	15328	42948	20749320	0.9999998863528547	0.00013048016701461377	-3.8844554467141568	Prostate_cancer
DRUG_943:PENTOBARBITAL	1	8051	42948	20749320	0.9999998513695478	0.00012420817289777666	-3.905849762092929	Prostate_cancer
DRUG_824:CHLORPROMAZINE	1	8211	42948	20749320	0.999999793368098	0.00012178784557301182	-3.914395962390682	Prostate_cancer
DRUG_1218:TETRODOTOXIN	1	8811	7275	20749320	0.9545187064415663	0.00011349449551696743	-3.9248096452605092	prostatic_hyperplasia
DRUG_1093:LITHIUM	2	18402	7275	20749320	0.9882795802888654	0.00010868383871318335	-3.958714852820591	prostatic_hyperplasia
DRUG_879:PROPOFOL	1	9628	7275	20749320	0.9658530601455735	0.0001038637307852098	-3.968447141743168	prostatic_hyperplasia
DRUG_49:ADRIAMYCIN	1	9687	7275	20749320	0.9665526779205582	0.00010323113451016826	-3.9714148281549684	prostatic_hyperplasia
DRUG_1069:GENTAMICIN	1	10311	42948	20749320	0.9999998673366944	9.69838037047813e-05	-4.013300729241942	Prostate_cancer
DRUG_6:ETOPOSIDE	1	10588	7275	20749320	0.9756176161187433	9.444654325651681e-05	-4.014093566126366	prostatic_hyperplasia
DRUG_1113:PACLITAXEL	1	10646	7275	20749320	0.9761088122436069	9.393199323689649e-05	-4.016684695408028	prostatic_hyperplasia
DRUG_764:INDOMETHACIN	2	22619	7275	20749320	0.9968027710231785	8.842123878155533e-05	-4.052052641538694	prostatic_hyperplasia
DRUG_362:CISPLATIN	2	25031	7275	20749320	0.998499014672004	7.990092285565899e-05	-4.096795845196924	prostatic_hyperplasia
DRUG_703:CYCLOPHOSPHAMIDE	2	25390	7275	20749320	0.9986597760487474	7.877116975187081e-05	-4.103050262954427	prostatic_hyperplasia
DRUG_683:DOPAMINE	5	67120	42948	20749320	0.9999998700213858	7.449344457687723e-05	-4.127881887035627	Prostate_cancer
DRUG_2:PROGESTERONE	1	43344	190	20749320	0.32787753933217556	2.307124400147656e-05	-4.152640654806165	hereditary_prostate_cancer
DRUG_762:DEXAMETHASONE	2	29326	7275	20749320	0.9996164806231175	6.819886789879289e-05	-4.166056242275271	prostatic_hyperplasia
DRUG_108:ACETYLCHOLINE	3	45416	42948	20749320	0.999999882881713	6.605601550114497e-05	-4.180087575633865	Prostate_cancer
DRUG_683:DOPAMINE	4	67120	7275	20749320	0.9999997500456655	5.959475566150179e-05	-4.22479184793888	prostatic_hyperplasia
DRUG_33:NICOTINE	1	17544	7275	20749320	0.9978767641201436	5.699954400364797e-05	-4.24320552872707	prostatic_hyperplasia
DRUG_613:PROPRANOLOL	1	17761	7275	20749320	0.998032423120449	5.6303136084679915e-05	-4.248612064731571	prostatic_hyperplasia
DRUG_613:PROPRANOLOL	1	17761	42948	20749320	0.99999985644422	5.6303136084679915e-05	-4.249467351926802	Prostate_cancer
DRUG_757:CYCLOSPORINE	1	18004	7275	20749320	0.9981932798637491	5.554321261941791e-05	-4.254583646005806	prostatic_hyperplasia
DRUG_995:MORPHINE	1	27664	7275	20749320	0.9999390836072429	3.6148062463851935e-05	-4.441888519470791	prostatic_hyperplasia
DRUG_1092:INSULIN	1	177924	266	20749320	0.8988126327614049	5.62037723972033e-06	-5.203903701381701	enlarged_prostate
