target	targ_and_kp	targ_tot	kp_tot	db_tot	fet_p_value	targ_and_kp_ratio	prediction_score
DRUG_9:Levcromakalim	2	233	80242	16993643	0.3011300633348066	0.008583690987124463	-1.5450800408503937
DRUG_33:GW-501516	1	5	80242	16993643	0.02338750798774666	0.2	0.9320460468273759
DRUG_103:fMet-Leu-Phe	3	384	80242	16993643	0.27279722416842445	0.0078125	-1.543049916517686
DRUG_120:PGH2	6	549	80242	16993643	0.048055244374155696	0.01092896174863388	-0.6431618841661726
DRUG_125:13-acetate	102	15624	80242	16993643	0.001035209674255749	0.006528417818740399	0.7997796195637381
DRUG_153:SR12813	2	4	80242	16993643	0.00013293471794347588	0.5	3.5753315859049333
DRUG_172:15-hydroxyeicosatetraenoic acid	2	232	80242	16993643	0.29939669488908827	0.008620689655172414	-1.5407049909809334
DRUG_176:CHLORANIL	1	92	80242	16993643	0.35302219285407477	0.010869565217391304	-1.511589835654343
DRUG_177:Nicotinamide	40	7204	80242	16993643	0.1718956200749356	0.00555247084952804	-1.4907785237618487
DRUG_194:Prasterone	2	29	80242	16993643	0.008317109918928903	0.06896551724137931	0.9186595566076172
DRUG_202:Formic Acid	9	1440	80242	16993643	0.2448029062910172	0.00625	-1.5929365520880234
DRUG_207:Calphostin C	10	1599	80242	16993643	0.2289713632748881	0.006253908692933083	-1.5636296336434268
DRUG_237:Tirofiban	1	419	80242	16993643	0.8623690612514379	0.002386634844868735	-2.557907190140125
DRUG_250:Abciximab	2	996	80242	16993643	0.948662173779314	0.002008032128514056	-2.6743409269638594
DRUG_272:flavone	5	1060	80242	16993643	0.5608405380647322	0.0047169811320754715	-2.0751752582224747
DRUG_287:YM-17E	3	3	80242	16993643	1.0527605509179521e-07	1.0	6.977670397324004
DRUG_321:PYRIPYROPENE A	4	8	80242	16993643	3.4273148100194236e-08	0.5	7.164016006712399
DRUG_331:3-Methoxybenzamide	1	34	80242	16993643	0.14864358020667576	0.029411764705882353	-0.7036250741686657
DRUG_372:KN-62	1	337	80242	16993643	0.7971034771626505	0.002967359050445104	-2.429144604505429
DRUG_389:ANTHRONE	2	230	80242	16993643	0.2959278324648232	0.008695652173913044	-1.5318836534948106
DRUG_395:Pioglitazone	78	758	80242	16993643	9.209505355716918e-76	0.10290237467018469	74.04818909227434
DRUG_412:Sodium pyruvate	1	185	80242	16993643	0.5833971757103605	0.005405405405405406	-2.0331360507266525
DRUG_436:24(S), 25-epoxycholesterol	11	19	80242	16993643	1.898115032956185e-21	0.5789473684210527	20.48431655542695
DRUG_437:Desmopressin	2	1143	80242	16993643	0.9712804722532156	0.0017497812773403325	-2.7443608919959463
DRUG_443:Gliquidone	2	61	80242	16993643	0.03394904538668433	0.03278688524590164	-0.01512740620707298
DRUG_473:PURPUROGALLIN	1	34	80242	16993643	0.14864358020667576	0.029411764705882353	-0.7036250741686657
DRUG_498:E-5324	1	1	80242	16993643	0.004721883353766251	1.0	2.3258847456438585
DRUG_505:proglumide	1	341	80242	16993643	0.8009086959856727	0.002932551319648094	-2.436337388098291
DRUG_522:Implitapide	3	3	80242	16993643	1.0527605509179521e-07	1.0	6.977670397324004
DRUG_532:SPERMINE	24	3646	80242	16993643	0.06997553479191389	0.006582556226001097	-1.026551648877951
DRUG_553:Hydroxyflutamide	3	250	80242	16993643	0.115888293547413	0.012	-0.9848583218871961
DRUG_574:Tolazamide	1	101	80242	16993643	0.38000329521303805	0.009900990099009901	-1.5841087364169113
DRUG_585:dimethylethylamine	1	30	80242	16993643	0.13237189781535091	0.03333333333333333	-0.598917050101783
DRUG_609:Caffeine	56	11476	80242	16993643	0.4205947282620961	0.004879749041477867	-1.9354663375014438
DRUG_617:Flavanone	3	301	80242	16993643	0.17133349816479637	0.009966777408637873	-1.235287522963182
DRUG_624:Mycophenolate mofetil	50	2470	80242	16993643	5.921293219133025e-17	0.020242914979757085	14.53385648344167
DRUG_662:Vitamin A	315	12108	80242	16993643	3.752036831980707e-125	0.02601585728444004	122.84097104851247
DRUG_667:Chlorzoxazone	3	310	80242	16993643	0.18180181937886036	0.00967741935483871	-1.2738386642175326
DRUG_680:R-65	9	113	80242	16993643	4.476375126422604e-09	0.07964601769911504	7.2502375920967115
DRUG_698:Ciprofibrate	52	334	80242	16993643	9.693576220936049e-61	0.15568862275449102	59.20577284729703
DRUG_711:MYRIOCIN	5	53	80242	16993643	5.57690663529721e-06	0.09433962264150944	4.228300760839802
DRUG_718:desmosterol	109	172	80242	16993643	1.5532540836434447e-206	0.6337209302325582	205.61065554694753
DRUG_724:Atorvastatin	774	1472	80242	16993643	0.0	0.5258152173913043	322.7260184981332
DRUG_731:Exenatide	1	48	80242	16993643	0.20322862112847365	0.020833333333333332	-0.9892261079306235
DRUG_753:BMS-187745	1	4	80242	16993643	0.018754178587061656	0.25	1.1248419614019678
DRUG_792:HL-004	9	11	80242	16993643	6.360736993032192e-20	0.8181818181818182	19.109342385761046
DRUG_795:Nitrous oxide	4	6701	80242	16993643	0.9999999928632881	0.0005969258319653783	-3.224079623508518
DRUG_798:Phenformin	14	622	80242	16993643	2.4403642946288638e-06	0.022508038585209004	3.9648829888545385
DRUG_820:PGD2	4	1097	80242	16993643	0.7600072815995698	0.0036463081130355514	-2.3189643895056498
DRUG_834:OMPT	1	100	80242	16993643	0.3770618379079477	0.01	-1.5764125800729052
DRUG_838:Ciglitazone	9	237	80242	16993643	2.4749148343272694e-06	0.0379746835443038	4.185933904651794
DRUG_872:Nitroarginine	6	593	80242	16993643	0.06465955130744219	0.01011804384485666	-0.8055361295633316
DRUG_883:Rosuvastatin	149	252	80242	16993643	8.089518631095793e-275	0.5912698412698413	273.8638630480554
DRUG_895:Prostacyclin analog	1	186	80242	16993643	0.585364355238801	0.005376344086021506	-2.036939217501183
DRUG_896:Cycloleucine	1	153	80242	16993643	0.5152695633318003	0.006535947712418301	-1.8967259205182567
DRUG_897:Carbenoxolone	2	536	80242	16993643	0.7197252350950769	0.0037313432835820895	-2.285301524269997
DRUG_898:DALTROBAN	1	50	80242	16993643	0.21073541148966196	0.02	-1.022707523913539
DRUG_914:Glycine	124	20417	80242	16993643	0.0038159015442654053	0.006073370230690111	0.20183259562516653
DRUG_916:D-Serine	1	557	80242	16993643	0.9283785544450907	0.0017953321364452424	-2.7135802948661283
DRUG_929:Nandrolone	15	432	80242	16993643	4.168203289885063e-09	0.034722222222222224	6.920658620202107
DRUG_954:Mepacrine	5	724	80242	16993643	0.2590288922272912	0.006906077348066298	-1.5741167700932133
DRUG_957:TANNIN	3	850	80242	16993643	0.7645832809327235	0.0035294117647058825	-2.335722468106821
DRUG_978:Ramatroban	1	24	80242	16993643	0.1073794187715633	0.041666666666666664	-0.41113229057531286
DRUG_1009:Dronedarone	1	35	80242	16993643	0.15266359459946482	0.02857142857142857	-0.7278035283642358
DRUG_1027:CGS 21680	2	468	80242	16993643	0.6485205907024891	0.004273504273504274	-2.181139627015293
DRUG_1034:PD-132301-2	4	6	80242	16993643	7.400022931013855e-09	0.6666666666666666	7.954675675429916
DRUG_1060:Levamisole	2	2602	80242	16993643	0.9999401801932295	0.0007686395080707148	-3.1142513163725245
DRUG_1069:CHLOROPUUPEHENONE	1	1	80242	16993643	0.004721883353766251	1.0	2.3258847456438585
DRUG_1084:E5700	1	1	80242	16993643	0.004721883353766251	1.0	2.3258847456438585
DRUG_1090:Taurocholic Acid	32	298	80242	16993643	1.1075111372984707e-32	0.10738255033557047	30.986585611995995
DRUG_1110:GW0742X	1	1	80242	16993643	0.004721883353766251	1.0	2.3258847456438585
DRUG_1111:GLUTAMATE	119	38049	80242	16993643	0.9999993794462044	0.0031275460590291467	-2.504796016276883
DRUG_1133:Curcumin	28	1190	80242	16993643	1.1702895445578451e-11	0.023529411764705882	9.303317744915772
DRUG_1140:methylglyoxal	5	1022	80242	16993643	0.5287797261725363	0.004892367906066536	-2.033755687070017
DRUG_1144:RU28362	1	44	80242	16993643	0.18800019986082364	0.022727272727272728	-0.9176109874435201
DRUG_1147:Misoprostol	2	1938	80242	16993643	0.998941797808147	0.0010319917440660474	-2.9858639623467114
DRUG_1154:Cilostazol	18	337	80242	16993643	1.0089382414389673e-13	0.05341246290801187	11.723778020971407
DRUG_1196:tyramine	36	2496	80242	16993643	9.825115676907295e-09	0.014423076923076924	6.166720247473123
DRUG_1213:Tetradecane	3	110	80242	16993643	0.01562061594982519	0.02727272727272727	0.24203041464652864
DRUG_1244:AMP-PNP	1	330	80242	16993643	0.7902684995187178	0.0030303030303030303	-2.4162886109758497
DRUG_1254:STA2	1	140	80242	16993643	0.48450721443961886	0.007142857142857143	-1.831428283872018
DRUG_1257:phorbol 12-myristate 13-acetate	62	7359	80242	16993643	1.8365719351946057e-05	0.008425057752412013	2.661564943029888
DRUG_1263:MURAGLITAZAR	2	8	80242	16993643	0.0006125983089872041	0.25	2.6107642150237815
DRUG_1279:Testosterone	998	31751	80242	16993643	0.0	0.031432080879342385	321.50255848076023
DRUG_1287:Memantine	4	547	80242	16993643	0.2600599729639214	0.007312614259597806	-1.5510008480678679
DRUG_1295:Fucose	17	2775	80242	16993643	0.17149293020280287	0.006126126126126126	-1.4470602870353146
DRUG_1315:bisphenol A	10	1116	80242	16993643	0.04229487099842014	0.008960573476702509	-0.6739518992782554
DRUG_1329:Aminoguanidine	14	1766	80242	16993643	0.044905927949019	0.007927519818799546	-0.753166338767405
DRUG_1341:Flufenamic Acid	1	350	80242	16993643	0.8092115770897977	0.002857142857142857	-2.4521301317835085
DRUG_1353:GW7845	2	16	80242	16993643	0.0025602730515373994	0.125	1.688623727988298
DRUG_1359:CX4	1	7	80242	16993643	0.03258863676661268	0.14285714285714285	0.6418357663546144
DRUG_1368:dodecylphosphate	1	2	80242	16993643	0.009421470801675791	0.5	1.7248512978074575
DRUG_1394:PD-146176	1	1	80242	16993643	0.004721883353766251	1.0	2.3258847456438585
DRUG_1406:paxilline	1	60	80242	16993643	0.24722166599383377	0.016666666666666666	-1.1712377791355506
DRUG_1410:BIBX-79	1	1	80242	16993643	0.004721883353766251	1.0	2.3258847456438585
DRUG_1414:CETi-1	1	2	80242	16993643	0.009421470801675791	0.5	1.7248512978074575
DRUG_1425:L-lactic acid	2	814	80242	16993643	0.8968273375326838	0.002457002457002457	-2.5623032473922427
DRUG_1431:T0901317	26	44	80242	16993643	3.1788651002417677e-49	0.5909090909090909	48.26924857309603
DRUG_1438:FARGLITAZAR	1	4	80242	16993643	0.018754178587061656	0.25	1.1248419614019678
DRUG_1474:Gemfibrozil	379	865	80242	16993643	0.0	0.43815028901734104	322.6468084499551
DRUG_1477:URSOLIC ACID	2	192	80242	16993643	0.22985212144638928	0.010416666666666666	-1.343719749514884
DRUG_1526:cloprostenol	1	369	80242	16993643	0.8256203184488977	0.0027100271002710027	-2.483806738525596
DRUG_1528:TZD18	1	2	80242	16993643	0.009421470801675791	0.5	1.7248512978074575
DRUG_1536:Flavin-Adenine Dinucleotide	5	733	80242	16993643	0.26699652993326173	0.0068212824010914054	-1.5926395873227577
DRUG_1540:ISONICOTINIC ACID	1	2083	80242	16993643	0.9999477029885008	0.00048007681228996637	-3.318666557050318
DRUG_1560:LG100754	1	5	80242	16993643	0.02338750798774666	0.2	0.9320460468273759
DRUG_1581:Dimethylformamide	8	1180	80242	16993643	0.19903460980707122	0.006779661016949152	-1.4677206220571046
DRUG_1582:Ro31-8220	1	98	80242	16993643	0.37113699777135584	0.01020408163265306	-1.560760325991235
DRUG_1589:DESMETHYLOLANZAPINE	1	3	80242	16993643	0.014098867619783444	0.3333333333333333	1.37369451249931
DRUG_1590:SM-16	2	5	80242	16993643	0.00022086098431133144	0.4	3.2579409879727623
DRUG_1603:Riccardin C	1	2	80242	16993643	0.009421470801675791	0.5	1.7248512978074575
DRUG_1622:Isotretinoin	16	1153	80242	16993643	0.00017088203503071484	0.013876843018213356	1.9095942679777251
DRUG_1644:PAT5A	2	2	80242	16993643	2.2295905855962265e-05	1.0	4.651774878091057
DRUG_1660:PPAR delta agonists	1	4	80242	16993643	0.018754178587061656	0.25	1.1248419614019678
DRUG_1693:Cyproterone	56	1669	80242	16993643	4.915198131226514e-29	0.033553025763930495	26.834190661431624
DRUG_1703:Alitretinoin	1	23	80242	16993643	0.10314457280399206	0.043478260869565216	-0.37517421749509117
DRUG_1706:Coenzyme A	2021	7717	80242	16993643	0.0	0.2618893352338992	322.4233031607171
DRUG_1715:GLP-1	10	967	80242	16993643	0.018412491248771368	0.010341261633919338	-0.2505390275189594
DRUG_1716:TESAGLITAZAR	1	9	80242	16993643	0.041703078424047114	0.1111111111111111	0.42558937579721945
DRUG_1745:Muscimol	2	2937	80242	16993643	0.9999862441327662	0.0006809669731018045	-3.166867976720496
DRUG_1747:cinnamic acid	1	469	80242	16993643	0.8913733339101135	0.0021321961620469083	-2.6212324804202374
DRUG_1768:BIBB-515	1	1	80242	16993643	0.004721883353766251	1.0	2.3258847456438585
DRUG_1771:NM-3	1	349	80242	16993643	0.8083063785046682	0.0028653295128939827	-2.4504014328744574
DRUG_1788:L-165041	1	11	80242	16993643	0.05073164966032051	0.09090909090909091	0.2533283301761404
DRUG_1790:apamin	2	1448	80242	16993643	0.9916931167506284	0.0013812154696132596	-2.856115865043551
DRUG_1815:24(S)-hydroxycholesterol	5	5	80242	16993643	2.3470503332555e-12	1.0	11.629477596715542
DRUG_1825:MCP-1	81	3133	80242	16993643	2.2841307649526765e-33	0.025853814235556973	31.053803660643915
DRUG_1826:1-METHYLXANTHINE	10	1570	80242	16993643	0.2133333157501136	0.006369426751592357	-1.5249583358783227
DRUG_1832:TOCOTRIENOL	23	163	80242	16993643	9.730647468231263e-27	0.1411042944785276	25.16139849283298
DRUG_1853:22R-hydroxycholesterol	44	74	80242	16993643	1.849300766487189e-82	0.5945945945945946	81.50721340708702
DRUG_1855:Oxytocin	18	10091	80242	16993643	0.9999996478119888	0.00178376771380438	-2.7486615481170658
DRUG_1878:Bile acid	1551	5672	80242	16993643	0.0	0.27344851904090267	322.44206092309037
DRUG_1902:Fenretinide	2	211	80242	16993643	0.262882410174316	0.009478672985781991	-1.4430139874677272
DRUG_1915:ALLOPREGNANOLONE	9	404	80242	16993643	0.00015915118485183366	0.022277227722772276	2.146051268115664
DRUG_1925:FIG 1	13	894	80242	16993643	0.00043319231488024373	0.0145413870246085	1.5259250901622265
DRUG_1926:Phorbol 12-myristate	63	7468	80242	16993643	1.5255967664585019e-05	0.008435993572576326	2.742696480635916
DRUG_1927:Minoxidil	5	896	80242	16993643	0.4162650397633689	0.005580357142857143	-1.8727079432957214
DRUG_1928:Charybdotoxin	8	1265	80242	16993643	0.2519974540546793	0.006324110671936759	-1.6003966916205268
DRUG_1935:Troglitazone	56	1176	80242	16993643	9.929326584214096e-37	0.047619047619047616	34.68086091001109
DRUG_1942:acetyl-podocarpic dimer	1	1	80242	16993643	0.004721883353766251	1.0	2.3258847456438585
DRUG_1946:[3H]methyltrienolone	1	57	80242	16993643	0.23645652837263792	0.017543859649122806	-1.1296261647072643
DRUG_1998:Sodium taurocholate	52	636	80242	16993643	6.4956379441047576e-46	0.08176100628930817	44.09992441792006
DRUG_2001:IN-1130	1	7	80242	16993643	0.03258863676661268	0.14285714285714285	0.6418357663546144
DRUG_2002:CL-277082	5	5	80242	16993643	2.3470503332555e-12	1.0	11.629477596715542
DRUG_2024:Pinacidil	3	732	80242	16993643	0.6716719558151505	0.004098360655737705	-2.2145470420053117
DRUG_2026:DARGLITAZONE	2	13	80242	16993643	0.0016799170077038178	0.15384615384615385	1.9617988163851918
DRUG_2048:isobutyric acid	4	301	80242	16993643	0.05572163657679963	0.013289036544850499	-0.6225303676860683
DRUG_2083:chelerythrine	4	1150	80242	16993643	0.7909425388532283	0.0034782608695652175	-2.3567827826302485
DRUG_2086:Felbamate	1	383	80242	16993643	0.8368009736511786	0.0026109660574412533	-2.5058209508109996
DRUG_2093:L-NAME	47	6003	80242	16993643	0.0007986449955546214	0.007829418624021322	0.9913757399379106
DRUG_2104:Difluoromethylornithine	2	1438	80242	16993643	0.991342980820511	0.0013908205841446453	-2.852952826308528
DRUG_2123:BENZIL	1	50	80242	16993643	0.21073541148966196	0.02	-1.022707523913539
DRUG_2137:oleoyl-CoA	31	169	80242	16993643	3.132002544737797e-39	0.1834319526627219	37.76765288297226
DRUG_2147:Ro48-8071	1	4	80242	16993643	0.018754178587061656	0.25	1.1248419614019678
DRUG_2179:CCK-8	7	1250	80242	16993643	0.37797917156970084	0.0056	-1.829279841821579
DRUG_2181:Staurosporine	32	4815	80242	16993643	0.038079985753802746	0.006645898234683281	-0.7581430903781363
DRUG_2190:YM-750	2	2	80242	16993643	2.2295905855962265e-05	1.0	4.651774878091057
DRUG_2198:Bezafibrate	226	732	80242	16993643	0.0	0.3087431693989071	322.4947827055408
DRUG_2200:Interferon beta-1b	1	293	80242	16993643	0.750126458798936	0.0034129692832764505	-2.34200210471778
DRUG_2211:ANDROSTERONE	20	667	80242	16993643	1.5528882735885583e-10	0.029985007496251874	8.285763951292186
DRUG_2265:Statin	1307	2567	80242	16993643	0.0	0.5091546552395793	322.7120350663609
DRUG_2272:Dihydrotestosterone	97	5086	80242	16993643	2.3690287084226784e-29	0.019071962249311836	26.9058250547937
DRUG_2302:T13	2	233	80242	16993643	0.3011300633348066	0.008583690987124463	-1.5450800408503937
DRUG_2307:Bisindolylmaleimide-I	1	359	80242	16993643	0.8171682352683345	0.002785515320334262	-2.4674059250950187
DRUG_2308:carbocyclic thromboxane A2	2	48	80242	16993643	0.021782820818945513	0.041666666666666664	0.2816746392149363
DRUG_2332:GW7647	1	5	80242	16993643	0.02338750798774666	0.2	0.9320460468273759
DRUG_2350:Torcetrapib	12	20	80242	16993643	1.4932126047395603e-23	0.6	22.604029603079464
DRUG_2367:Phenobarbital	92	9191	80242	16993643	8.177207625736209e-11	0.01000979218801001	8.08782003627108
DRUG_2385:RGD	4	2260	80242	16993643	0.993796982227204	0.0017699115044247787	-2.749346121448451
DRUG_2414:Benzphetamine	4	339	80242	16993643	0.07845339664426719	0.011799410029498525	-0.8227514580094015
DRUG_2441:Simvastatin	1196	2341	80242	16993643	0.0	0.5108927808628791	322.7135151134076
DRUG_2452:zoxazolamine	4	164	80242	16993643	0.007944559768947937	0.024390243902439025	0.4871463065844144
DRUG_2453:BMS-201038	1	2	80242	16993643	0.009421470801675791	0.5	1.7248512978074575
DRUG_2458:PYROGALLOL	1	496	80242	16993643	0.9044050013974941	0.0020161290322580645	-2.6518446318368145
DRUG_2472:LG100268	4	32	80242	16993643	1.6081525563500933e-05	0.125	3.890582767576758
DRUG_2516:iberiotoxin	2	643	80242	16993643	0.8068970625303877	0.003110419906687403	-2.413999111701671
DRUG_2538:ETIOCHOLANOLONE	4	217	80242	16993643	0.0202356287877283	0.018433179723502304	-0.04051644641978158
DRUG_2553:trimethylamine	9	856	80242	16993643	0.02234514158475075	0.010514018691588784	-0.32741436604808705
DRUG_2566:Deoxythymidine	2	1402	80242	16993643	0.9899587732801624	0.0014265335235378032	-2.841335126796791
DRUG_2574:Amphetamine	12	10545	80242	16993643	0.9999999509977697	0.0011379800853485065	-2.943865316746481
DRUG_2645:9-hydroxyoctadecadienoic acid	1	17	80242	16993643	0.07731019179554331	0.058823529411764705	-0.11868567207275516
DRUG_2650:CI-976	26	32	80242	16993643	2.955252123916932e-55	0.8125	54.43922883152163
DRUG_2686:T-686	1	4	80242	16993643	0.018754178587061656	0.25	1.1248419614019678
DRUG_2694:KT-5720	1	145	80242	16993643	0.49656342096975836	0.006896551724137931	-1.8573427266035574
DRUG_2710:Piperazine	14	2555	80242	16993643	0.3250392583492304	0.005479452054794521	-1.7731986871706438
DRUG_2730:SQ-29548	1	165	80242	16993643	0.5420337404459289	0.006060606060606061	-1.9515102655002754
DRUG_2740:U0126	2	1176	80242	16993643	0.9748348164427534	0.0017006802721088435	-2.7583083577900425
DRUG_2744:pentanoic acid	2	155	80242	16993643	0.16673826056531088	0.012903225806451613	-1.1113369690758215
DRUG_2765:Amiodarone	23	4538	80242	16993643	0.39515031583150506	0.005068312031732041	-1.8918989889249405
DRUG_2779:PIP2	2	812	80242	16993643	0.8960492605189267	0.0024630541871921183	-2.5608579193369496
DRUG_2783:Mevastatin	44	110	80242	16993643	3.66316561523897e-72	0.4	71.03820343734853
DRUG_2802:ALFAXALONE	1	15	80242	16993643	0.06853440927170326	0.06666666666666667	-0.01199993280753997
DRUG_2820:Alpha 1-PI	2	268	80242	16993643	0.3611186147824627	0.007462686567164179	-1.6847546741883082
DRUG_2821:Ridogrel	2	72	80242	16993643	0.045842045240092284	0.027777777777777776	-0.21756648618106333
DRUG_2835:Antiarrhythmics	7	385	80242	16993643	0.0026321359815180017	0.01818181818181818	0.8393289884447632
DRUG_2845:F-1394	11	11	80242	16993643	2.599989017668074e-26	1.0	25.585028486481576
DRUG_2851:F3	14	1724	80242	16993643	0.03814952496081428	0.008120649651972157	-0.6718983602853259
DRUG_2869:Benzenesulfonyl	1	147	80242	16993643	0.5013065711973788	0.006802721088435374	-1.8674207321919833
DRUG_2898:CVT-1	1	1	80242	16993643	0.004721883353766251	1.0	2.3258847456438585
DRUG_2943:SD-208	1	8	80242	16993643	0.03715664226055619	0.125	0.5268735518629584
DRUG_2976:PGJ2	5	335	80242	16993643	0.02238654516967587	0.014925373134328358	-0.1760618784363419
DRUG_2992:Bicalutamide	2	293	80242	16993643	0.40277742616837187	0.006825938566552901	-1.770902747035382
DRUG_2997:SCOPOLETIN	1	165	80242	16993643	0.5420337404459289	0.006060606060606061	-1.9515102655002754
DRUG_2998:Oxandrolone	8	240	80242	16993643	2.2735854524347595e-05	0.03333333333333333	3.166167463526782
DRUG_3073:Chlorpropamide	15	1025	80242	16993643	0.00015323068776057998	0.014634146341463415	1.980021642790103
DRUG_3082:HMG-CoA reductase inhibitor	446	727	80242	16993643	0.0	0.6134800550206327	322.7929857953049
DRUG_3090:MK-886	3	224	80242	16993643	0.09078001709452567	0.013392857142857142	-0.8311170238020915
DRUG_3097:ER-119884	1	1	80242	16993643	0.004721883353766251	1.0	2.3258847456438585
DRUG_3109:Sodium phenylbutyrate	1	51	80242	16993643	0.21446223579593132	0.0196078431372549	-1.0389210053490026
DRUG_3122:PHENCYCLIDINE	1	2664	80242	16993643	0.9999966041842958	0.00037537537537537537	-3.4255327457117377
DRUG_3134:D-aspartic acid	2	965	80242	16993643	0.9420757757327266	0.002072538860103627	-2.6575831542933206
DRUG_3138:Diazoxide	2	1436	80242	16993643	0.9912712470475086	0.001392757660167131	-2.8523169533968105
DRUG_3153:ONO-3708	3	97	80242	16993643	0.01116238245180774	0.030927835051546393	0.4425926219767524
DRUG_3157:Fluvastatin	380	764	80242	16993643	0.0	0.4973821989528796	322.7018755854929
DRUG_3166:ACETOSIDE	1	4	80242	16993643	0.018754178587061656	0.25	1.1248419614019678
DRUG_3188:Magnesium	350	21436	80242	16993643	1.3757342206216851e-83	0.01632767307333458	81.07438975573208
DRUG_3211:RPR-101821	1	1	80242	16993643	0.004721883353766251	1.0	2.3258847456438585
DRUG_3214:Lovastatin	817	1719	80242	16993643	0.0	0.4752763234438627	322.68213152729714
DRUG_3255:Cycloserine	3	1296	80242	16993643	0.9435648735221698	0.0023148148148148147	-2.6102555116700095
DRUG_3270:Clofibrate	259	2027	80242	16993643	4.268361580448508e-272	0.12777503700049334	270.47618481322485
DRUG_3298:Miltefosine	3	130	80242	16993643	0.024169919897682118	0.023076923076923078	-0.020097308687737847
DRUG_3309:Nonsteroidal anti-inflammatory drugs (NSAIDs)	2	600	80242	16993643	0.7752309158597632	0.0033333333333333335	-2.3665523385760605
DRUG_3315:Nateglinide	2	156	80242	16993643	0.1684055459771466	0.01282051282051282	-1.1184509923933685
DRUG_3326:EUGENOL	3	947	80242	16993643	0.8238805273398974	0.0031678986272439284	-2.4150929625839894
DRUG_3339:PIRINIXIC ACID	1	10	80242	16993643	0.046228047102471734	0.1	0.3350944528854012
DRUG_3341:CRILVASTATIN	5	5	80242	16993643	2.3470503332555e-12	1.0	11.629477596715542
DRUG_3354:Rottlerin	3	325	80242	16993643	0.19960870801880054	0.009230769230769232	-1.3349415899140704
DRUG_3355:Silymarin	13	421	80242	16993643	1.692518629995892e-07	0.030878859857482184	5.261127798694558
DRUG_3375:Hydroquinone	1	1617	80242	16993643	0.9995257461370183	0.0006184291898577613	-3.2085040052151927
DRUG_3418:Phenylbutyrate	3	205	80242	16993643	0.0740714660714862	0.014634146341463415	-0.7042835469166109
DRUG_3420:Cyclic Guanosine Monophosphate	10	1648	80242	16993643	0.2563269189327634	0.006067961165048544	-1.625751424665385
DRUG_3433:1,2-dioctanoyl-sn-glycerol	1	151	80242	16993643	0.5106592457277395	0.006622516556291391	-1.887108146715567
DRUG_3459:RP-73163	2	2	80242	16993643	2.2295905855962265e-05	1.0	4.651774878091057
DRUG_3483:LPA	132	1166	80242	16993643	1.7291867213903618e-132	0.11320754716981132	130.81603348890215
DRUG_3519:L-NIL	3	171	80242	16993643	0.048086888573926644	0.017543859649122806	-0.4379015329565257
DRUG_3524:Nicotinamide-Adenine-Dinucleotide	27	3920	80242	16993643	0.03719167588151938	0.0068877551020408165	-0.7323680512580273
DRUG_3536:Squalestatin 1	8	13	80242	16993643	3.113280638479879e-16	0.6153846153846154	15.295928363906288
DRUG_3546:GLYCYRRHIZIN	4	543	80242	16993643	0.25595896633165954	0.007366482504604052	-1.5409101859004495
DRUG_3564:Ketamine	8	6252	80242	16993643	0.9999992117344023	0.0012795905310300703	-2.8929286400156715
DRUG_3582:SC-795	1	1	80242	16993643	0.004721883353766251	1.0	2.3258847456438585
DRUG_3584:Guttiferone I	1	1	80242	16993643	0.004721883353766251	1.0	2.3258847456438585
DRUG_3587:BM-17.0744	3	8	80242	16993643	5.791857218918628e-06	0.375	4.81121342065052
DRUG_3596:Dalvastatin	1	2	80242	16993643	0.009421470801675791	0.5	1.7248512978074575
DRUG_3613:Fenofibrate	257	751	80242	16993643	0.0	0.3422103861517976	322.53947853377895
DRUG_3628:COOH	47	5106	80242	16993643	2.243734166694599e-05	0.009204857030943987	2.6130456462097946
DRUG_3640:BAICALEIN	2	305	80242	16993643	0.4223123421574416	0.006557377049180328	-1.808903617630908
DRUG_3642:Milrinone	1	875	80242	16993643	0.9841016172476749	0.001142857142857143	-2.9350479985383617
DRUG_3660:Aspirin	296	16696	80242	16993643	9.900110726907806e-79	0.01772879731672257	76.25303922304882
DRUG_3661:Fibrates	311	696	80242	16993643	0.0	0.4468390804597701	322.6553364968681
DRUG_3667:Tretinoin	1	531	80242	16993643	0.9189992436864176	0.0018832391713747645	-2.688409675054141
DRUG_3668:Bryostatin-1	3	370	80242	16993643	0.2550972602406704	0.008108108108108109	-1.497786263634315
DRUG_3675:BMY-21950	2	2	80242	16993643	2.2295905855962265e-05	1.0	4.651774878091057
DRUG_3685:GW1929	1	16	80242	16993643	0.07293268576714375	0.0625	-0.06704218953269203
DRUG_3686:L-NMMA	29	1811	80242	16993643	2.8984721105533693e-08	0.01601325234676974	5.742310421691648
DRUG_3690:clofilium	1	114	80242	16993643	0.41700191936645087	0.008771929824561403	-1.6770429052750744
DRUG_3694:3-Hydroxy-3-Methyl-Glutaric Acid	2	5	80242	16993643	0.00022086098431133144	0.4	3.2579409879727623
DRUG_3744:Epoprostenol	1	390	80242	16993643	0.8421194932811151	0.002564102564102564	-2.516438327493579
DRUG_3750:TTNPB	1	69	80242	16993643	0.2786149617028231	0.014492753623188406	-1.2838535251888266
DRUG_3758:PGF2alpha	19	1100	80242	16993643	2.2154863732842315e-06	0.017272727272727273	3.8918918326188776
DRUG_3763:Flutamide	17	1325	80242	16993643	0.0002696292038360322	0.012830188679245283	1.6774661137809035
DRUG_3765:Aminophylline	3	2102	80242	16993643	0.9971021504800553	0.0014272121788772598	-2.844251109885298
DRUG_3769:Cerivastatin	154	403	80242	16993643	1.8206477902651292e-244	0.38213399503722084	243.32198973633533
DRUG_3773:L-aspartic acid	4	500	80242	16993643	0.21283844689953918	0.008	-1.4249600941881
DRUG_3803:Magnesium Sulfate	5	1154	80242	16993643	0.6350382025372195	0.004332755632582322	-2.16603565678678
DRUG_3812:NS-8	1	20	80242	16993643	0.09031908157818708	0.05	-0.2568095084210902
DRUG_3826:tedisamil	1	76	80242	16993643	0.30212399961070846	0.013157894736842105	-1.3609988176683032
DRUG_3829:Iloprost	10	1182	80242	16993643	0.057654242538183416	0.008460236886632826	-0.8334487472935477
DRUG_3836:Heptanoic Acid	2	75	80242	16993643	0.049314671085124176	0.02666666666666667	-0.2670074085759353
DRUG_3856:BMY-22089	2	2	80242	16993643	2.2295905855962265e-05	1.0	4.651774878091057
DRUG_3859:U46619	8	1340	80242	16993643	0.3019452872323906	0.005970149253731343	-1.7039430668938187
DRUG_3879:Clobetasol	3	300	80242	16993643	0.17018123280541186	0.01	-1.2309116653934429
DRUG_3882:Ibrolipim	1	3	80242	16993643	0.014098867619783444	0.3333333333333333	1.37369451249931
DRUG_3892:APIGENIN	1	394	80242	16993643	0.8450805267055328	0.0025380710659898475	-2.5223943161451734
DRUG_3898:DEOXYCYTIDINE	3	2532	80242	16993643	0.9994688091600501	0.001184834123222749	-2.9261116920822503
DRUG_3902:BADGE	2	242	80242	16993643	0.31669297542194685	0.008264462809917356	-1.5834238006939816
DRUG_3916:pregnenolone-16alpha-carbonitrile	7	127	80242	16993643	2.850627429588344e-06	0.05511811023622047	4.286353859324157
DRUG_3945:[3H]cAMP	1	134	80242	16993643	0.4696581084332614	0.007462686567164179	-1.7988866229984901
DRUG_3958:KAEMPFEROL	2	466	80242	16993643	0.646223072056803	0.004291845493562232	-2.177738380569731
DRUG_3986:Fasudil	1	98	80242	16993643	0.37113699777135584	0.01020408163265306	-1.560760325991235
DRUG_3988:Glitazone	1	33	80242	16993643	0.14460449663492014	0.030303030303030304	-0.6786957379081107
DRUG_4022:(R)-Mevalonate	2	6	80242	16993643	0.00033024985808677586	0.3333333333333333	3.004036105616463
DRUG_4058:Lanosterol	238	553	80242	16993643	0.0	0.43037974683544306	322.63903717320363
DRUG_4066:2'-Deoxyuridine	15	3636	80242	16993643	0.7330677689918735	0.004125412541254125	-2.2496767406657385
DRUG_4074:PITAVASTATIN CALCIUM	1	2	80242	16993643	0.009421470801675791	0.5	1.7248512978074575
DRUG_4085:L-Glutamic Acid	1	1184	80242	16993643	0.9963173339142801	0.0008445945945945946	-3.071749388619668
DRUG_4089:27-hydroxycholesterol	65	88	80242	16993643	5.003123984714559e-131	0.7386363636363636	130.1691894190248
DRUG_4136:carbacyclin	1	100	80242	16993643	0.3770618379079477	0.01	-1.5764125800729052
DRUG_4158:Adenosine-5'-Diphosphate	8	763	80242	16993643	0.030563185081168093	0.010484927916120577	-0.4646331623553397
DRUG_4179:N6-CYCLOPENTYLADENOSINE	1	427	80242	16993643	0.8674830046072508	0.00234192037470726	-2.5686888500411444
DRUG_4182:Avasimibe	23	30	80242	16993643	6.28404556989673e-48	0.7666666666666667	47.086367255553334
DRUG_4188:Thiazolidinedione	57	714	80242	16993643	1.3994728098761951e-49	0.07983193277310924	47.75621217884722
DRUG_4197:Glipizide	9	421	80242	16993643	0.00021561826326592379	0.021377672209026127	1.9962748699846387
DRUG_4200:Moxidectin	1	289	80242	16993643	0.7453506259857218	0.0034602076124567475	-2.333258463301883
DRUG_4280:THYMELEATOXIN	1	49	80242	16993643	0.20699091709155576	0.02040816326530612	-1.0061473687532436
DRUG_4287:DL-3	16	182	80242	16993643	1.0239030100922204e-15	0.08791208791208792	13.933789774922358
DRUG_4297:Cholic Acid	388	1248	80242	16993643	0.0	0.3108974358974359	322.49780248769963
DRUG_4320:Pravastatin	950	1743	80242	16993643	0.0	0.5450372920252439	322.74161156563065
DRUG_4332:NTE-122	6	7	80242	16993643	7.725873540827514e-14	0.8571428571428571	13.045105615151094
DRUG_4335:HONOKIOL	1	77	80242	16993643	0.305419293968198	0.012987012987012988	-1.371387194039738
DRUG_4336:Sodium bicarbonate	8	1768	80242	16993643	0.5949440983713374	0.004524886877828055	-2.1188684345239035
DRUG_4350:Sucralfate	2	1064	80242	16993643	0.9606937922316362	0.0018796992481203006	-2.708496616701035
DRUG_4352:Ragaglitazar	3	18	80242	16993643	8.14606653165526e-05	0.16666666666666666	3.3109007968233186
DRUG_4359:Indapamide	33	573	80242	16993643	6.914585207802197e-25	0.05759162303664921	22.920593185144956
DRUG_4360:isobutylmethylxanthine	3	785	80242	16993643	0.7163832347046899	0.003821656050955414	-2.27289381566205
DRUG_4366:deoxycorticosterone	67	2358	80242	16993643	3.242590094016348e-30	0.028413910093299407	27.942638950326554
DRUG_4369:447C88	4	4	80242	16993643	4.970827547265558e-10	1.0	9.303571303561888
DRUG_4393:Bicuculline	2	4675	80242	16993643	0.9999999162860261	0.000427807486631016	-3.368751583188037
DRUG_4404:Antiandrogens	3	632	80242	16993643	0.573796293311998	0.004746835443037975	-2.0823535619666984
DRUG_4407:Clonazepam	6	1488	80242	16993643	0.7032396753791351	0.004032258064516129	-2.2415550456111486
DRUG_4431:pristanic acid	2	59	80242	16993643	0.03193755407248766	0.03389830508474576	0.025876331251835527
DRUG_4432:Vitamin B3	1	30	80242	16993643	0.13237189781535091	0.03333333333333333	-0.598917050101783
DRUG_4436:VULM-1457	1	1	80242	16993643	0.004721883353766251	1.0	2.3258847456438585
DRUG_4442:Heme	79	12756	80242	16993643	0.011457111373762771	0.006193164001254312	-0.2671625541396734
DRUG_4456:Eflucimibe	2	6	80242	16993643	0.00033024985808677586	0.3333333333333333	3.004036105616463
DRUG_4464:ATORVASTATIN	774	1472	80242	16993643	0.0	0.5258152173913043	322.7260184981332
DRUG_4465:SULFASALAZINE	2	1127	80242	16993643	0.9693870905296023	0.001774622892635315	-2.7373911522439127
DRUG_4476:METHOTREXATE	25	16440	80242	16993643	0.9999999748533104	0.0015206812652068127	-2.8179617936109254
DRUG_4477:MELATONIN	55	9534	80242	16993643	0.08147734705712689	0.005768827354730438	-1.1499493378111623
DRUG_4491:DIAZOXIDE	2	1436	80242	16993643	0.9912712470475086	0.001392757660167131	-2.8523169533968105
DRUG_4492:ACETAMINOPHEN	9	4367	80242	16993643	0.9986179332548479	0.002060911380810625	-2.6853400433636248
DRUG_4493:ADRIAMYCIN	63	8614	80242	16993643	0.0006797498311503679	0.007313675412119805	1.031786573646054
DRUG_4494:GINKGO	17	1250	80242	16993643	0.000138029779971273	0.0136	1.9935661126797397
DRUG_4495:LYCOPENE	89	946	80242	16993643	1.036337382864014e-82	0.09408033826638477	80.95799770589284
DRUG_4496:METHIMAZOLE	10	1264	80242	16993643	0.081276324175731	0.007911392405063292	-1.0117111278146633
DRUG_4497:FADROZOLE	4	130	80242	16993643	0.0035220171722234015	0.03076923076923077	0.9413251699044376
DRUG_4498:SPIRONOLACTONE	32	2152	80242	16993643	3.1506128911263607e-08	0.01486988847583643	5.673912665681074
DRUG_4499:STREPTOZOCIN	21	765	80242	16993643	2.6904473491286943e-10	0.027450980392156862	8.008733362066629
DRUG_4500:SAQUINAVIR	21	845	80242	16993643	1.5589446341507565e-09	0.02485207100591716	7.202531894270681
DRUG_4501:CARBENOXOLONE	2	536	80242	16993643	0.7197252350950769	0.0037313432835820895	-2.285301524269997
DRUG_4502:OCTANOL	18	1913	80242	16993643	0.0053989023477762944	0.009409304756926294	0.24125206280118183
DRUG_4504:MARIMASTAT	1	118	80242	16993643	0.4279356240631837	0.00847457627118644	-1.703260448709619
DRUG_4505:LISINOPRIL	21	1288	80242	16993643	1.6452930543151703e-06	0.016304347826086956	3.9960601673957585
DRUG_4507:CGS-27023A	1	18	80242	16993643	0.08166703074665381	0.05555555555555555	-0.16731927088177123
DRUG_4508:PRAVASTATIN	950	1743	80242	16993643	0.0	0.5450372920252439	322.74161156563065
DRUG_4514:CHLORTHALIDONE	40	615	80242	16993643	7.748722741884595e-32	0.06504065040650407	29.92395475393222
DRUG_4517:BATIMASTAT	2	174	80242	16993643	0.19884124051826862	0.011494252873563218	-1.2380257165432254
DRUG_4532:GW7845	2	16	80242	16993643	0.0025602730515373994	0.125	1.688623727988298
DRUG_4535:ROTENONE	7	1151	80242	16993643	0.3035530167243013	0.006081668114682885	-1.698211836885143
DRUG_4536:FARGLITAZAR	1	4	80242	16993643	0.018754178587061656	0.25	1.1248419614019678
DRUG_4537:ROSIGLITAZONE	75	942	80242	16993643	1.35512977704028e-64	0.07961783439490445	62.76902947221232
DRUG_4538:TETRADECYLTHIOACETIC ACID	8	67	80242	16993643	1.2577090276673133e-09	0.11940298507462686	7.977435006055471
DRUG_4540:PIOGLITAZONE	78	758	80242	16993643	9.209505355716918e-76	0.10290237467018469	74.04818909227434
DRUG_4541:CIGLITAZONE	9	237	80242	16993643	2.4749148343272694e-06	0.0379746835443038	4.185933904651794
DRUG_4548:FENOFIBRIC ACID	15	69	80242	16993643	5.7633342985329634e-21	0.21739130434782608	19.576568357031803
DRUG_4554:TROGLITAZONE	56	1176	80242	16993643	9.929326584214096e-37	0.047619047619047616	34.68086091001109
DRUG_4557:RAGAGLITAZAR	3	18	80242	16993643	8.14606653165526e-05	0.16666666666666666	3.3109007968233186
DRUG_4559:INDOMETHACIN	76	20070	80242	16993643	0.9793643014793972	0.003786746387643249	-2.412678049836753
DRUG_4562:MURAGLITAZAR	2	8	80242	16993643	0.0006125983089872041	0.25	2.6107642150237815
DRUG_4563:METHOXYCHLOR	7	371	80242	16993643	0.0021441917349378967	0.018867924528301886	0.944460512763551
DRUG_4573:GW501516	4	20	80242	16993643	2.2670265339526394e-06	0.2	4.945573392395966
DRUG_4576:9,10-PHENANTHRENEQUINONE	1	50	80242	16993643	0.21073541148966196	0.02	-1.022707523913539
DRUG_4581:GW7647	1	5	80242	16993643	0.02338750798774666	0.2	0.9320460468273759
DRUG_4583:ALDICARB	1	284	80242	16993643	0.7392523226065437	0.0035211267605633804	-2.322111037727602
DRUG_4585:TESAGLITAZAR	1	9	80242	16993643	0.041703078424047114	0.1111111111111111	0.42558937579721945
DRUG_4590:PROSTAGLANDIN D2	5	1036	80242	16993643	0.5407160646838155	0.004826254826254826	-2.0493590237372112
DRUG_4591:CELECOXIB	6	1376	80242	16993643	0.6310927312143406	0.00436046511627907	-2.1605603616122195
DRUG_4603:MYCOPHENOLIC ACID	3	896	80242	16993643	0.7944981303519343	0.0033482142857142855	-2.375279634486121
DRUG_4605:HESPERETIN	7	71	80242	16993643	5.341776505114115e-08	0.09859154929577464	6.266153977700832
DRUG_4606:DICLOFENAC	9	3376	80242	16993643	0.9775367074011906	0.002665876777251185	-2.564293003045075
DRUG_4608:ESTRADIOL	1226	33775	80242	16993643	0.0	0.03629903774981495	321.56508045994013
DRUG_4609:RALOXIFENE HYDROCHLORIDE	13	51	80242	16993643	2.335852754680669e-19	0.2549019607843137	18.037927713558425
DRUG_4611:PIOGLITAZONE HYDROCHLORIDE	9	23	80242	16993643	8.980134762429964e-16	0.391304347826087	14.639231819366838
DRUG_4614:MK-0767	1	10	80242	16993643	0.046228047102471734	0.1	0.3350944528854012
DRUG_4616:GLYBURIDE	22	616	80242	16993643	6.610343931051939e-13	0.03571428571428571	10.732617912580277
DRUG_4617:OLANZAPINE	18	2013	80242	16993643	0.008813994625033319	0.00894187779433681	0.00625594888294323
DRUG_4620:GLITAZONE	1	33	80242	16993643	0.14460449663492014	0.030303030303030304	-0.6786957379081107
DRUG_4622:THIAZOLIDINEDIONE	57	714	80242	16993643	1.3994728098761951e-49	0.07983193277310924	47.75621217884722
DRUG_4624:ROSIGLITAZONE MALEATE	6	17	80242	16993643	1.3116754877764038e-10	0.35294117647058826	9.42987592635925
DRUG_4625:RESVERATROL	20	1078	80242	16993643	4.1016877234088906e-07	0.01855287569573284	4.655448641960543
DRUG_4629:PHENOTHIAZINE	6	2854	80242	16993643	0.992257613882872	0.002102312543798178	-2.673927158455547
DRUG_4633:APIGENIN	1	394	80242	16993643	0.8450805267055328	0.0025380710659898475	-2.5223943161451734
DRUG_4638:ASPIRIN	296	16696	80242	16993643	9.900110726907806e-79	0.01772879731672257	76.25303922304882
DRUG_4644:LEVOTHYROXINE	26	682	80242	16993643	1.239679316799269e-15	0.03812316715542522	13.487879617955679
DRUG_4650:NAPROXEN	3	2366	80242	16993643	0.9989706039406291	0.001267962806424345	-2.8964461942845086
DRUG_4653:RISPERIDONE	8	2340	80242	16993643	0.8605826994532032	0.003418803418803419	-2.4009184815029525
DRUG_4654:GENISTEIN	40	4360	80242	16993643	9.231998477893389e-05	0.009174311926605505	1.9972777778511164
DRUG_4655:SIMVASTATIN	1196	2341	80242	16993643	0.0	0.5108927808628791	322.7135151134076
DRUG_4656:GELDANAMYCIN	1	511	80242	16993643	0.9109567621743491	0.0019569471624266144	-2.667918664160705
DRUG_4657:ATORVASTATIN CALCIUM	13	16	80242	16993643	3.202889920590309e-28	0.8125	27.404281356900835
DRUG_4658:LOVASTATIN	817	1719	80242	16993643	0.0	0.4752763234438627	322.68213152729714
DRUG_4659:PITAVASTATIN CALCIUM	1	2	80242	16993643	0.009421470801675791	0.5	1.7248512978074575
DRUG_4660:ROSUVASTATIN CALCIUM	3	9	80242	16993643	8.657056435948276e-06	0.3333333333333333	4.585508496558123
DRUG_4661:FLUVASTATIN SODIUM	9	16	80242	16993643	1.2951666424177995e-17	0.5625	16.637796876337987
DRUG_4662:PITAVASTATIN	45	91	80242	16993643	3.548212865331488e-79	0.4945054945054945	78.14416145520273
DRUG_4663:CERIVASTATIN	154	403	80242	16993643	1.8206477902651292e-244	0.38213399503722084	243.32198973633533
DRUG_4664:ROSUVASTATIN	149	252	80242	16993643	8.089518631095793e-275	0.5912698412698413	273.8638630480554
DRUG_4665:FLUVASTATIN	380	764	80242	16993643	0.0	0.4973821989528796	322.7018755854929
DRUG_4666:CERIVASTATIN SODIUM	7	8	80242	16993643	4.168556862896717e-16	0.875	15.322022322978192
DRUG_4667:PRAVASTATIN SODIUM	32	58	80242	16993643	7.287845356681587e-59	0.5517241379310345	57.8791228361395
DRUG_4668:MEVASTATIN	44	110	80242	16993643	3.66316561523897e-72	0.4	71.03820343734853
DRUG_4671:TOCOTRIENOL	23	163	80242	16993643	9.730647468231263e-27	0.1411042944785276	25.16139849283298
DRUG_4672:CRILVASTATIN	5	5	80242	16993643	2.3470503332555e-12	1.0	11.629477596715542
DRUG_4673:PHENYLBUTAZONE	2	2268	80242	16993643	0.999743993598879	0.0008818342151675485	-3.0545018581554464
DRUG_4674:LEUCOVORIN	1	2540	80242	16993643	0.9999940113391862	0.0003937007874015748	-3.404831115769805
DRUG_4676:FLUOROURACIL	16	15219	80242	16993643	0.9999999206331115	0.001051317432157172	-2.9782660999125388
DRUG_4680:SIALYL LEWIS X	2	621	80242	16993643	0.7912269135453804	0.00322061191626409	-2.390362655858869
DRUG_4683:FENOFIBRATE	257	751	80242	16993643	0.0	0.3422103861517976	322.53947853377895
DRUG_4688:CARBOPLATIN	2	4494	80242	16993643	0.999999969520788	0.0004450378282153983	-3.351603059182175
DRUG_4704:DOCETAXEL	1	2388	80242	16993643	0.9999876144326131	0.0004187604690117253	-3.378028943440449
DRUG_4705:PHENYTOIN	31	5711	80242	16993643	0.24215854719131003	0.005428121169672562	-1.6494502687756707
DRUG_4706:SILDENAFIL	6	1669	80242	16993643	0.7982673256384938	0.0035949670461354103	-2.3464534395610004
DRUG_4707:GENTAMICIN	8	8559	80242	16993643	0.999999934837055	0.0009346886318495151	-3.029333011084887
DRUG_4710:CILOSTAZOL	18	337	80242	16993643	1.0089382414389673e-13	0.05341246290801187	11.723778020971407
DRUG_4711:CISPLATIN	30	17994	80242	16993643	0.9999999393018527	0.0016672224074691564	-2.778006435062637
DRUG_4714:ENALAPRIL	66	3838	80242	16993643	2.735222025912187e-18	0.017196456487754037	15.798446380098246
DRUG_4716:ACETAZOLAMIDE	5	2828	80242	16993643	0.9971506827138951	0.001768033946251768	-2.751270191724808
DRUG_4717:ILOMASTAT	1	29	80242	16993643	0.12825561891622586	0.034482758620689655	-0.5704743986680423
DRUG_4718:DEFEROXAMINE	5	1686	80242	16993643	0.8986762711450857	0.0029655990510083037	-2.4814908405833678
DRUG_4719:CAPTOPRIL	66	7502	80242	16993643	2.6472583812374675e-06	0.008797653958944282	3.521570543768743
DRUG_4729:DESMOSTEROL	109	172	80242	16993643	1.5532540836434447e-206	0.6337209302325582	205.61065554694753
DRUG_4742:TORCETRAPIB	12	20	80242	16993643	1.4932126047395603e-23	0.6	22.604029603079464
DRUG_4744:TAMOXIFEN	162	8667	80242	16993643	9.890005716003788e-47	0.018691588785046728	44.27644967537773
DRUG_4749:HYDROXYCHLOROQUINE	10	803	80242	16993643	0.005590398169627671	0.012453300124533	0.3478417136123737
DRUG_4755:ZIDOVUDINE	22	4283	80242	16993643	0.37517149972658104	0.005136586504786365	-1.863555232925309
DRUG_4756:DEOXYCYTIDINE	3	2532	80242	16993643	0.9994688091600501	0.001184834123222749	-2.9261116920822503
DRUG_4757:BUDESONIDE	6	1793	80242	16993643	0.8484916455773913	0.0033463469046291134	-2.4040766097008244
DRUG_4759:METHYLPREDNISOLONE ACETATE	3	273	80242	16993643	0.13999135319151454	0.01098901098901099	-1.1051426038765884
DRUG_4769:CORTISONE ACETATE	7	519	80242	16993643	0.01264230749703255	0.01348747591522158	0.028104332763176032
DRUG_4773:TRIAMCINOLONE	12	2370	80242	16993643	0.4435608877839328	0.005063291139240506	-1.942520344002959
DRUG_4775:TESTOSTERONE	998	31751	80242	16993643	0.0	0.031432080879342385	321.50255848076023
DRUG_4777:HYDROCORTISONE	68	8817	80242	16993643	0.00010377026197374206	0.007712373823295905	1.8711151587782124
DRUG_4778:METHYLTESTOSTERONE	10	492	80242	16993643	0.00014757670894031881	0.02032520325203252	2.139017076174216
DRUG_4786:BAICALEIN	2	305	80242	16993643	0.4223123421574416	0.006557377049180328	-1.808903617630908
DRUG_4787:OUABAIN	57	8384	80242	16993643	0.005287994110652276	0.006798664122137405	0.10913262323767725
DRUG_4789:CLIOQUINOL	2	205	80242	16993643	0.25243720063234604	0.00975609756097561	-1.4128772208722251
DRUG_4790:CLOBETASOL	3	300	80242	16993643	0.17018123280541186	0.01	-1.2309116653934429
DRUG_4792:METHYLPREDNISOLONE	32	5674	80242	16993643	0.17923716114626156	0.005639760310186817	-1.5021674098478093
DRUG_4798:DIGOXIN	40	6468	80242	16993643	0.05668313562881347	0.006184291898577613	-0.9621638866869096
DRUG_4799:NIFEDIPINE	115	10558	80242	16993643	1.8228498895357175e-15	0.010892214434552	12.77636527642015
DRUG_4801:ZEARALENONE	5	778	80242	16993643	0.3075433373398918	0.006426735218508998	-1.679915915501446
DRUG_4805:DEXAMETHASONE	238	23441	80242	16993643	4.431695531379785e-26	0.010153150462864212	23.360030906561143
DRUG_4807:CLOBETASOL PROPIONATE	2	201	80242	16993643	0.24547863218094812	0.009950248756218905	-1.3921797564648601
DRUG_4810:CYPROTERONE ACETATE	56	1558	80242	16993643	1.6292524133086807e-30	0.03594351732991014	28.34363220070856
DRUG_4811:TESTOSTERONE PROPIONATE	39	2032	80242	16993643	7.041749585383471e-13	0.019192913385826772	10.435460326534448
DRUG_4812:PREDNISOLONE	83	9407	80242	16993643	1.3908538649724397e-07	0.00882321675348145	4.802345446662535
DRUG_4815:FLUOCINONIDE	1	96	80242	16993643	0.36515579536438797	0.010416666666666666	-1.5447494307318161
DRUG_4816:PREDNISONE	142	9686	80242	16993643	2.492872399666227e-30	0.01466033450340698	27.76944383042632
DRUG_4818:ANDROSTENEDIONE	207	4181	80242	16993643	4.056502885787902e-134	0.04950968667782827	132.0865383886363
DRUG_4820:DIGITOXIN	5	1101	80242	16993643	0.5941527470689794	0.004541326067211626	-2.1167154240636292
DRUG_4823:HYDROCORTISONE ACETATE	4	454	80242	16993643	0.16930664944028226	0.00881057268722467	-1.283669876687768
DRUG_4824:MIFEPRISTONE	5	1099	80242	16993643	0.5925606777103398	0.004549590536851683	-2.114760516432935
DRUG_4826:DEFLAZACORT	3	201	80242	16993643	0.0707454042752417	0.014925373134328358	-0.6757730354098088
DRUG_4832:BETAMETHASONE VALERATE	1	164	80242	16993643	0.5398609382852806	0.006097560975609756	-1.9471257532169064
DRUG_4833:ONAPRISTONE	1	97	80242	16993643	0.36815348607556664	0.010309278350515464	-1.5528006514685186
DRUG_4835:BETAMETHASONE	11	1902	80242	16993643	0.2914709674715842	0.0057833859095688745	-1.7024131299521956
DRUG_4837:URSODIOL	11	78	80242	16993643	1.5128751475852635e-13	0.14102564102564102	11.969494993804847
DRUG_4838:DEXAMETHASONE SODIUM PHOSPHATE	2	127	80242	16993643	0.121481985895288	0.015748031496062992	-0.8872856081127484
DRUG_4841:TRIAMCINOLONE ACETONIDE	4	1298	80242	16993643	0.8605703007504353	0.0030816640986132513	-2.4460010551502194
DRUG_4843:CARBAMAZEPINE	36	5555	80242	16993643	0.039876056198122595	0.006480648064806481	-0.7890937618962552
DRUG_4848:PREDNISOLONE ACETATE	1	194	80242	16993643	0.6007710254379284	0.005154639175257732	-2.0665107088599886
DRUG_4852:STANOLONE	1	7	80242	16993643	0.03258863676661268	0.14285714285714285	0.6418357663546144
DRUG_4855:CYCLOHEXIMIDE	174	10764	80242	16993643	6.001689503589091e-42	0.016164994425863992	39.430302035673854
DRUG_4863:CATECHOL	5	4307	80242	16993643	0.999987506641477	0.0011609008590666356	-2.935199441596021
DRUG_4867:METHYLPREDNISOLONE SODIUM SUCCINATE	2	220	80242	16993643	0.27854981154679687	0.00909090909090909	-1.4862955541313427
DRUG_4870:ETHINYL ESTRADIOL	174	1459	80242	16993643	4.6036713266533613e-178	0.11925976696367376	176.41338964623506
DRUG_4874:PROGESTERONE	1003	35761	80242	16993643	0.0	0.02804731411314001	321.45307662581786
DRUG_4876:ALDOSTERONE	224	15690	80242	16993643	4.9850577201891696e-45	0.014276609305289994	42.45695488353094
DRUG_4880:RANITIDINE	8	3396	80242	16993643	0.9903411983985466	0.002355712603062426	-2.6236625407459573
DRUG_4885:CHENODIOL	9	25	80242	16993643	2.2260066960404297e-15	0.36	14.208776034367414
DRUG_4888:MILTEFOSINE	3	130	80242	16993643	0.024169919897682118	0.023076923076923078	-0.020097308687737847
DRUG_4889:AMITRIPTYLINE	10	3037	80242	16993643	0.9063085337431791	0.0032927230819888046	-2.4397208612195214
DRUG_4890:CHOLIC ACID	388	1248	80242	16993643	0.0	0.3108974358974359	322.49780248769963
DRUG_4892:ETOPOSIDE	11	8376	80242	16993643	0.9999999009188848	0.0013132760267430754	-2.881643940482177
DRUG_4894:SUCRALFATE	2	1064	80242	16993643	0.9606937922316362	0.0018796992481203006	-2.708496616701035
DRUG_4895:SIROLIMUS	40	1216	80242	16993643	6.478823506858388e-21	0.03289473684210526	18.705630267136076
DRUG_4896:VINCRISTINE	23	8060	80242	16993643	0.99662503914184	0.0028535980148883377	-2.5431389999455623
DRUG_4899:FLUVOXAMINE	5	1334	80242	16993643	0.7536415183183642	0.0037481259370314842	-2.303350641090748
DRUG_4902:PYRAZOLE	6	1250	80242	16993643	0.5388652391696904	0.0048	-2.0502389318881025
DRUG_4903:THYROTROPIN	74	11120	80242	16993643	0.0028873211675526887	0.0066546762589928055	0.36263183771467844
DRUG_4904:PHENYLEPHRINE	64	7477	80242	16993643	8.531984795764498e-06	0.008559582720342383	3.0014025204840387
DRUG_4905:FAMOTIDINE	1	949	80242	16993643	0.9887995089661491	0.001053740779768177	-2.9723744545031976
DRUG_4906:CAFFEINE	56	11476	80242	16993643	0.4205947282620961	0.004879749041477867	-1.9354663375014438
DRUG_4908:PENTOXIFYLLINE	15	2332	80242	16993643	0.14625750661525827	0.006432246998284734	-1.3567554523695935
DRUG_4911:THEOPHYLLINE	17	10378	80242	16993643	0.9999999670266017	0.0016380805550202352	-2.7856647306604696
DRUG_4913:HYDROCHLOROTHIAZIDE	100	2942	80242	16993643	5.84777281009146e-51	0.03399048266485384	48.76436683996379
DRUG_4914:AMINOPHYLLINE	3	2102	80242	16993643	0.9971021504800553	0.0014272121788772598	-2.844251109885298
DRUG_4915:MILRINONE	1	875	80242	16993643	0.9841016172476749	0.001142857142857143	-2.9350479985383617
DRUG_4926:IBUDILAST	1	43	80242	16993643	0.1841478377549499	0.023255813953488372	-0.8986350793591316
DRUG_4927:DIPYRIDAMOLE	45	4322	80242	16993643	1.650171078845134e-06	0.010411846367422489	3.7999987798948904
DRUG_4932:ATROPINE	8	13874	80242	16993643	0.9999999391248026	0.0005766181346403345	-3.2391116767338066
DRUG_4933:BLEOMYCIN	9	7030	80242	16993643	0.999999749839462	0.0012802275960170698	-2.8927127069371443
DRUG_4934:ALCOHOL	1855	69241	80242	16993643	0.0	0.02679048540604555	321.4331659299386
DRUG_4935:THROMBIN	221	19461	80242	16993643	1.8725764151939183e-30	0.011356045424181697	27.782787571822645
DRUG_4936:WORTMANNIN	16	3314	80242	16993643	0.4981807653637195	0.004828002414001207	-2.0136194769489184
DRUG_4937:ARGATROBAN	2	393	80242	16993643	0.5541204039851418	0.005089058524173028	-2.036966696885438
DRUG_4938:LEPIRUDIN	1	185	80242	16993643	0.5833971757103605	0.005405405405405406	-2.0331360507266525
DRUG_4939:MORPHINE	16	23331	80242	16993643	0.9999999767979255	0.0006857828640006858	-3.163813360942329
DRUG_4940:DALTEPARIN	1	380	80242	16993643	0.8344670353237442	0.002631578947368421	-2.5011927816587165
DRUG_4943:TRETINOIN	1	531	80242	16993643	0.9189992436864176	0.0018832391713747645	-2.688409675054141
DRUG_4948:BEZAFIBRATE	226	732	80242	16993643	0.0	0.3087431693989071	322.4947827055408
DRUG_4968:CLOMIPRAMINE	3	1590	80242	16993643	0.9800689072162413	0.0018867924528301887	-2.7155324809787174
DRUG_4971:RETINAL	212	50661	80242	16993643	0.9659427582944173	0.0041846785495746235	-2.3632892880858045
DRUG_4974:PHENANTHROLINE	3	2315	80242	16993643	0.9987405961320462	0.0012958963282937365	-2.886882443777696
DRUG_4976:ENCLOMIPHENE	3	27	80242	16993643	0.00028286579909273684	0.1111111111111111	2.5941770498665266
DRUG_4984:DISULFIRAM	4	1566	80242	16993643	0.9370563541525054	0.002554278416347382	-2.564497476344189
DRUG_4985:TRIPARANOL	42	200	80242	16993643	2.968211627260243e-55	0.21	53.84972443273784
DRUG_4992:PIMOZIDE	3	1115	80242	16993643	0.8965186644549726	0.0026905829596412557	-2.522712948152707
DRUG_4995:THIORIDAZINE	2	1181	80242	16993643	0.9753348101270394	0.001693480101608806	-2.760373626602422
DRUG_4996:CHLORANIL	1	92	80242	16993643	0.35302219285407477	0.010869565217391304	-1.511589835654343
DRUG_5001:DOXORUBICIN HYDROCHLORIDE	2	202	80242	16993643	0.2472177158438681	0.009900990099009901	-1.3974009632477702
DRUG_5006:ASCORBYL PALMITATE	2	63	80242	16993643	0.03600855979298496	0.031746031746031744	-0.05471630536173078
DRUG_5016:GOSSYPOL	8	1071	80242	16993643	0.13890898007091879	0.007469654528478058	-1.2694298063894975
DRUG_5018:CLOTRIMAZOLE	3	904	80242	16993643	0.7993630554756983	0.00331858407079646	-2.3817912481588834
DRUG_5022:TRIAMTERENE	2	622	80242	16993643	0.7919629212621195	0.003215434083601286	-2.3914652379544434
DRUG_5023:BISPHENOL A	10	1116	80242	16993643	0.04229487099842014	0.008960573476702509	-0.6739518992782554
DRUG_5025:CHLORHEXIDINE	3	2632	80242	16993643	0.9996447084045839	0.0011398176291793312	-2.943010301625449
DRUG_5028:THIOSEMICARBAZIDE	1	224	80242	16993643	0.6536182268282625	0.004464285714285714	-2.1655721727835
DRUG_5029:MENADIONE	1	1120	80242	16993643	0.9950143846306979	0.0008928571428571428	-3.047047381929052
DRUG_5030:ASTEMIZOLE	2	331	80242	16993643	0.4634540032528877	0.006042296072507553	-1.8848046359995538
DRUG_5032:TAMOXIFEN CITRATE	1	98	80242	16993643	0.37113699777135584	0.01020408163265306	-1.560760325991235
DRUG_5035:ABAMECTIN	1	96	80242	16993643	0.36515579536438797	0.010416666666666666	-1.5447494307318161
DRUG_5041:PROPRANOLOL HYDROCHLORIDE	2	201	80242	16993643	0.24547863218094812	0.009950248756218905	-1.3921797564648601
DRUG_5049:CARBACYCLIN	1	100	80242	16993643	0.3770618379079477	0.01	-1.5764125800729052
DRUG_5050:ILOPROST	10	1182	80242	16993643	0.057654242538183416	0.008460236886632826	-0.8334487472935477
DRUG_5054:TESTOSTERONE UNDECANOATE	14	146	80242	16993643	1.842420954451045e-14	0.0958904109589041	12.716386315537545
DRUG_5055:PRASTERONE	2	29	80242	16993643	0.008317109918928903	0.06896551724137931	0.9186595566076172
DRUG_5058:BICALUTAMIDE	2	293	80242	16993643	0.40277742616837187	0.006825938566552901	-1.770902747035382
DRUG_5064:TESTOSTERONE ENANTHATE	27	274	80242	16993643	8.265761094484815e-27	0.09854014598540146	25.076330352636603
DRUG_5065:DANAZOL	17	1382	80242	16993643	0.0004322876394523603	0.012301013024602027	1.4541680605588798
DRUG_5067:OXYMETHOLONE	1	184	80242	16993643	0.5814206771258947	0.005434782608695652	-2.029308295579821
DRUG_5069:FLUTAMIDE	17	1325	80242	16993643	0.0002696292038360322	0.012830188679245283	1.6774661137809035
DRUG_5071:NANDROLONE DECANOATE	13	248	80242	16993643	3.240072649433834e-10	0.05241935483870968	8.208936923343606
DRUG_5073:NORGESTREL	56	469	80242	16993643	1.4351623965944451e-58	0.11940298507462686	56.9201141376083
DRUG_5075:OXANDROLONE	8	240	80242	16993643	2.2735854524347595e-05	0.03333333333333333	3.166167463526782
DRUG_5077:DROSPIRENONE	7	89	80242	16993643	2.569816994933638e-07	0.07865168539325842	5.485805836466206
DRUG_5079:MIBOLERONE	3	134	80242	16993643	0.02612745855542408	0.022388059701492536	-0.06708071115913827
DRUG_5080:ANDROSTANOLONE	1	49	80242	16993643	0.20699091709155576	0.02040816326530612	-1.0061473687532436
DRUG_5084:NANDROLONE	15	432	80242	16993643	4.168203289885063e-09	0.034722222222222224	6.920658620202107
DRUG_5086:HYDROXYFLUTAMIDE	3	250	80242	16993643	0.115888293547413	0.012	-0.9848583218871961
DRUG_5090:STANOZOLOL	11	246	80242	16993643	3.7548115835372487e-08	0.044715447154471545	6.075869429067018
DRUG_5091:TESTOSTERONE CYPIONATE	3	48	80242	16993643	0.0015534966342738395	0.0625	1.604569700672221
DRUG_5096:NORELGESTROMIN	1	25	80242	16993643	0.11159427361678452	0.04	-0.44558191832343275
DRUG_5097:GESTRINONE	4	89	80242	16993643	0.0008817661463748272	0.0449438202247191	1.7073165637296437
DRUG_5098:DIETHYLSTILBESTROL	41	3327	80242	16993643	7.126939949297396e-08	0.0123234144875263	5.237827956349406
DRUG_5099:NORETHINDRONE	53	616	80242	16993643	6.348053225628532e-48	0.08603896103896104	46.132054597970466
DRUG_5100:NORGESTIMATE	20	167	80242	16993643	5.590959507647353e-22	0.11976047904191617	20.330827177610793
DRUG_5102:NISOLDIPINE	8	693	80242	16993643	0.018657321397349696	0.011544011544011544	-0.20849254052160915
DRUG_5106:TRICLOSAN	5	511	80242	16993643	0.09701250387019274	0.009784735812133072	-0.9962786095685929
DRUG_5109:TRITON X	237	6186	80242	16993643	3.764328827112971e-129	0.03831231813773036	127.007650876809
DRUG_5111:TACROLIMUS	94	3970	80242	16993643	1.759668417090785e-35	0.02367758186397985	33.128906507542126
DRUG_5113:LACTIC ACID	43	7062	80242	16993643	0.06036541479539706	0.006088926649674313	-0.9962474468406417
DRUG_5116:BUTAMBEN	1	12	80242	16993643	0.055213986983463886	0.08333333333333333	0.17876964542118667
DRUG_5122:COLCHICINE	53	7136	80242	16993643	0.0012324116129198372	0.007427130044843049	0.780065246245039
DRUG_5125:FENTANYL	3	6342	80242	16993643	0.9999999730352508	0.0004730368968779565	-3.3251049712607657
DRUG_5126:OXENDOLONE	1	9	80242	16993643	0.041703078424047114	0.1111111111111111	0.42558937579721945
DRUG_5127:SERTINDOLE	1	155	80242	16993643	0.519836492052228	0.0064516129032258064	-1.9061984614857947
DRUG_5130:AZASERINE	1	374	80242	16993643	0.8296987424524158	0.00267379679144385	-2.4917920340461968
DRUG_5131:LIMONIN	1	36	80242	16993643	0.1566646175742084	0.027777777777777776	-0.7512734236724873
DRUG_5137:DYDROGESTERONE	20	192	80242	16993643	9.545078939934424e-21	0.10416666666666667	19.037949242503544
DRUG_5148:SOTALOL	4	1454	80242	16993643	0.9114777645272324	0.002751031636863824	-2.5202504937143977
DRUG_5149:CHLORDANE	1	615	80242	16993643	0.9455725749986659	0.0016260162601626016	-2.7645699833952238
DRUG_5151:GRAMICIDIN S	6	417	80242	16993643	0.015224069881134067	0.014388489208633094	-0.02451557336101584
DRUG_5163:ALCLOFENAC	1	94	80242	16993643	0.35911770445311625	0.010638297872340425	-1.528364669911398
DRUG_5167:FORMESTANE	1	59	80242	16993643	0.24365027373873746	0.01694915254237288	-1.1576189152854022
DRUG_5174:ESTRADIOL ENANTHATE	2	7	80242	16993643	0.0004608966960448473	0.2857142857142857	2.792328360770234
DRUG_5175:TOMATINE	7	67	80242	16993643	3.551200706383309e-08	0.1044776119402985	6.468648018908887
DRUG_5180:NORETHINDRONE ACETATE	16	139	80242	16993643	1.3349512677993441e-17	0.11510791366906475	15.935639770268372
DRUG_5181:DIDANOSINE	12	1022	80242	16993643	0.004062443968176944	0.011741682974559686	0.4609429662876938
DRUG_5184:FURAZABOL	1	10	80242	16993643	0.046228047102471734	0.1	0.3350944528854012
DRUG_5188:RESERPINE	21	7309	80242	16993643	0.9947245388613412	0.0028731700643042824	-2.5393414988352423
DRUG_5189:NORDIHYDROGUAIARETIC ACID	9	1243	80242	16993643	0.1390592559046051	0.007240547063555913	-1.2834285203817273
DRUG_5192:DIELDRIN	6	1415	80242	16993643	0.6573410713840413	0.004240282685512367	-2.190395957795679
DRUG_5198:CANDESARTAN CILEXETIL	6	316	80242	16993643	0.004230946131863825	0.0189873417721519	0.6520266718083771
DRUG_5199:ETHYNODIOL DIACETATE	7	109	80242	16993643	1.023531283193952e-06	0.06422018348623854	4.797570421102579
DRUG_5203:LOPERAMIDE	1	578	80242	16993643	0.9351552009020869	0.0017301038062283738	-2.732811531968843
DRUG_5209:MERCURIC CHLORIDE	7	1384	80242	16993643	0.4791964849683628	0.0050578034682080926	-1.9765516738357285
DRUG_5212:MITOMYCIN	8	8352	80242	16993643	0.9999999310162101	0.0009578544061302681	-3.018700468706963
DRUG_5213:2-ACETYLAMINOFLUORENE	8	1705	80242	16993643	0.5544611684063917	0.00469208211143695	-2.072505532146622
DRUG_5222:DESOGESTREL	83	530	80242	16993643	3.977396127697149e-96	0.15660377358490565	94.59520337619318
DRUG_5223:ESTRADIOL BENZOATE	44	1871	80242	16993643	2.089416035952458e-17	0.02351683591662213	15.051353965459247
DRUG_5224:TRILOSTANE	21	183	80242	16993643	1.3268419959228005e-22	0.11475409836065574	20.936948996068544
DRUG_5225:ESTRADIOL VALERATE	48	435	80242	16993643	9.057412545159062e-49	0.1103448275862069	47.08574783107217
DRUG_5227:METHYLTHIOURACIL	9	439	80242	16993643	0.0002926005517285187	0.02050113895216401	1.845502848500101
DRUG_5233:PYRIPROXYFEN	1	87	80242	16993643	0.33752854569633484	0.011494252873563218	-1.467829760790556
DRUG_5235:EXEMESTANE	7	176	80242	16993643	2.400418488238268e-05	0.03977272727272727	3.219298409118155
DRUG_5239:CETRIMONIUM BROMIDE	1	13	80242	16993643	0.05967515948144313	0.07692307692307693	0.11026305936387826
DRUG_5241:PROCYMIDONE	1	59	80242	16993643	0.24365027373873746	0.01694915254237288	-1.1576189152854022
DRUG_5243:NICARDIPINE HYDROCHLORIDE	1	108	80242	16993643	0.4002082506286651	0.009259259259259259	-1.6357097932243385
DRUG_5244:CYPROTERONE	56	1669	80242	16993643	4.915198131226514e-29	0.033553025763930495	26.834190661431624
DRUG_5249:FENARIMOL	1	63	80242	16993643	0.257835019252641	0.015873015873015872	-1.2106824525226028
DRUG_5252:DRONEDARONE	1	35	80242	16993643	0.15266359459946482	0.02857142857142857	-0.7278035283642358
DRUG_5256:PHENFORMIN HYDROCHLORIDE	2	14	80242	16993643	0.001953760574455513	0.14285714285714285	1.864030618394072
DRUG_5258:THIRAM	2	138	80242	16993643	0.13889257930476018	0.014492753623188406	-0.9815281337888713
DRUG_5263:RETINYL ACETATE	9	279	80242	16993643	9.218254228758913e-06	0.03225806451612903	3.5439896248740115
DRUG_5269:MEPANIPYRIM	3	8	80242	16993643	5.791857218918628e-06	0.375	4.81121342065052
DRUG_5276:DODECYL GALLATE	1	16	80242	16993643	0.07293268576714375	0.0625	-0.06704218953269203
DRUG_5282:CALCIUM PANTOTHENATE	2	95	80242	16993643	0.07465603302215615	0.021052631578947368	-0.5497585188374459
DRUG_5292:TANNIC ACID	6	998	80242	16993643	0.3336043302928668	0.006012024048096192	-1.744210970189847
DRUG_5293:HYDROXYPROGESTERONE	66	2004	80242	16993643	1.917391186912249e-33	0.03293413173652695	31.2349354914959
DRUG_5294:SORBIC ACID	1	265	80242	16993643	0.7147166258701044	0.0037735849056603774	-2.2773797587939004
DRUG_5299:RIMONABANT	7	63	80242	16993643	2.2968522818075162e-08	0.1111111111111111	6.684624425386885
DRUG_5301:ISOTRETINOIN	16	1153	80242	16993643	0.00017088203503071484	0.013876843018213356	1.9095942679777251
DRUG_5304:NICARDIPINE	19	2083	80242	16993643	0.005973377007052012	0.009121459433509362	0.18384440508853483
DRUG_5306:CHOLECALCIFEROL	11	538	80242	16993643	6.665987436466907e-05	0.020446096654275093	2.4867459186909127
DRUG_5307:PERHEXILINE MALEATE	1	219	80242	16993643	0.6453231438184636	0.0045662100456621	-2.150221355729683
DRUG_5310:BENZOFURAN	1	478	80242	16993643	0.8959035105217381	0.0020920502092050207	-2.631689134952278
DRUG_5314:THIOTEPA	1	871	80242	16993643	0.9837977405134133	0.001148105625717566	-2.932923975788728
DRUG_5324:FLUFENAMIC ACID	1	350	80242	16993643	0.8092115770897977	0.002857142857142857	-2.4521301317835085
DRUG_5330:MONATEPIL	7	20	80242	16993643	3.843649933547685e-12	0.35	10.959324217604445
DRUG_5336:MYCOPHENOLATE MOFETIL	50	2470	80242	16993643	5.921293219133025e-17	0.020242914979757085	14.53385648344167
DRUG_5342:TOCOPHEROL ACETATE	22	363	80242	16993643	1.3972664197821375e-17	0.06060606060606061	15.63723683391692
DRUG_5348:MEDROXYPROGESTERONE ACETATE	194	2727	80242	16993643	7.164801341520202e-155	0.07114044737807114	152.9969124387734
DRUG_5352:2,4-DINITROPHENOL	4	1341	80242	16993643	0.8766607739903688	0.002982848620432513	-2.4682003610936554
DRUG_5357:APOMORPHINE	3	5233	80242	16993643	0.9999999499331003	0.0005732849226065354	-3.241629458276224
DRUG_5358:EVEROLIMUS	7	141	80242	16993643	5.692031773150497e-06	0.04964539007092199	3.940611611690583
DRUG_5359:PAROXETINE	4	2225	80242	16993643	0.9929813694015992	0.0017977528089887641	-2.7422111242044256
DRUG_5361:ESTRONE	121	3602	80242	16993643	9.881660045422046e-61	0.03359244863964464	58.531411752872216
DRUG_5367:CALCITRIOL	11	1651	80242	16993643	0.16387691710380808	0.006662628709872804	-1.3908721733991096
DRUG_5384:RHODAMINE	46	4101	80242	16993643	1.734120241328381e-07	0.011216776396000975	4.810788854873888
DRUG_5385:AMIODARONE HYDROCHLORIDE	1	58	80242	16993643	0.2400619206627105	0.017241379310344827	-1.1437512699980763
DRUG_5386:SCLAREOL	1	37	80242	16993643	0.1606467683286127	0.02702702702702703	-0.7740737175015748
DRUG_5388:ACETALDEHYDE	16	3334	80242	16993643	0.5077270183146648	0.004799040191961607	-2.0244758875125957
DRUG_5396:PARAOXON	25	815	80242	16993643	5.269659253218251e-13	0.03067484662576687	10.764999866167601
DRUG_5402:DICHLORVOS	4	554	80242	16993643	0.2672666829114702	0.007220216606498195	-1.5683945969922708
DRUG_5405:EPIGALOCATECHIN GALLATE	1	1	80242	16993643	0.004721883353766251	1.0	2.3258847456438585
DRUG_5410:WARFARIN POTASSIUM	1	14	80242	16993643	0.06411526708966617	0.07142857142857142	0.046910508542116425
DRUG_5413:TROPOLONE	2	239	80242	16993643	0.3115134362128448	0.008368200836820083	-1.570844688694275
DRUG_5417:FLUCYTOSINE	1	483	80242	16993643	0.8983381494846855	0.002070393374741201	-2.637386973891174
DRUG_5420:ANDROSTENEDIOL	9	236	80242	16993643	2.390983680763343e-06	0.038135593220338986	4.202753894543579
DRUG_5421:SPIPERONE	1	1380	80242	16993643	0.998543699823737	0.0007246376811594203	-3.1392461622950063
DRUG_5423:BENZOPHENONE	7	563	80242	16993643	0.018831016898122697	0.012433392539964476	-0.18028412792432036
DRUG_5426:ESTRADIOL DIPROPIONATE	1	110	80242	16993643	0.4058592093709199	0.00909090909090909	-1.6497680901702187
DRUG_5431:FENRETINIDE	2	211	80242	16993643	0.262882410174316	0.009478672985781991	-1.4430139874677272
DRUG_5434:EFONIDIPINE	2	53	80242	16993643	0.02620232125542747	0.03773584905660377	0.15841435902711387
DRUG_5436:DICYCLOHEXYLCARBODIIMIDE	5	828	80242	16993643	0.3534887052327559	0.006038647342995169	-1.7674358741080745
DRUG_5440:NORETHYNODREL	3	201	80242	16993643	0.0707454042752417	0.014925373134328358	-0.6757730354098088
DRUG_5443:NOCODAZOLE	15	1130	80242	16993643	0.0004240887869341776	0.01327433628318584	1.495556025868955
DRUG_5447:CARBONYL CYANIDE M-CHLOROPHENYLHYDRAZONE	6	439	80242	16993643	0.01906214432681187	0.01366742596810934	-0.14448502329194723
DRUG_5448:MEGESTROL ACETATE	9	649	80242	16993643	0.004249083480090977	0.01386748844375963	0.5137025490508029
DRUG_5450:CORTICOSTERONE	271	11067	80242	16993643	4.811160149870682e-102	0.024487214240534922	99.70668956735368
DRUG_5453:FLUOXETINE	11	4543	80242	16993643	0.9952275501274345	0.002421307506053269	-2.613872441413426
DRUG_5469:MALTOTRIOSE	1	175	80242	16993643	0.5632048075202336	0.005714285714285714	-1.9937044019769519
DRUG_5471:PIRETANIDE	1	223	80242	16993643	0.651974920673861	0.004484304932735426	-2.162535753224198
DRUG_5472:PACLITAXEL	11	5838	80242	16993643	0.9998895268784955	0.0018842069201781431	-2.7248234249763748
DRUG_5474:ZERANOL	1	208	80242	16993643	0.6263679563542015	0.004807692307692308	-2.1148928670035323
DRUG_5489:PHENYLARSINE OXIDE	8	433	80242	16993643	0.0012139965365482687	0.018475750577367205	1.182384642910971
DRUG_5507:GRISEOFULVIN	5	1704	80242	16993643	0.9035222155836408	0.0029342723004694834	-2.488438421449581
DRUG_5514:CETYLPYRIDINIUM CHLORIDE	2	408	80242	16993643	0.5743608257821364	0.004901960784313725	-2.0688149786621834
DRUG_5519:METIPRANOLOL	1	144	80242	16993643	0.49417496142144196	0.006944444444444444	-1.8522432291305948
DRUG_5523:BROMOCRIPTINE MESYLATE	1	42	80242	16993643	0.1802771876505698	0.023809523809523808	-0.8791900647948127
DRUG_5528:CHLORMADINONE ACETATE	12	399	80242	16993643	6.572477690220384e-07	0.03007518796992481	4.660479229759825
DRUG_5536:DESOXYCORTICOSTERONE	11	1289	80242	16993643	0.04588692501378732	0.008533747090768037	-0.7305491878133754
DRUG_5543:ALFAXALONE	1	15	80242	16993643	0.06853440927170326	0.06666666666666667	-0.01199993280753997
DRUG_5544:PK-11195	12	309	80242	16993643	4.2973612226950905e-08	0.038834951456310676	5.956020905973624
DRUG_5546:MESTRANOL	10	442	80242	16993643	6.175470839347411e-05	0.02262443438914027	2.5639076553370184
DRUG_5549:REPAGLINIDE	3	190	80242	16993643	0.06195977941577038	0.015789473684210527	-0.5937422091827582
DRUG_5553:CARBOQUONE	1	126	80242	16993643	0.44919179501370204	0.007936507936507936	-1.752802359909081
DRUG_5555:TRENBOLONE ACETATE	2	104	80242	16993643	0.08714589942088974	0.019230769230769232	-0.6562503001894975
DRUG_5556:ESTRIOL	31	2198	80242	16993643	1.596332116245715e-07	0.014103730664240218	4.946210754541816
DRUG_5559:ISOFENPHOS	1	30	80242	16993643	0.13237189781535091	0.03333333333333333	-0.598917050101783
DRUG_5561:HALOPERIDOL	16	8615	80242	16993643	0.9999965349252323	0.001857225769007545	-2.7311337942626643
DRUG_5562:ERGOCALCIFEROL	2	125	80242	16993643	0.11837751929314796	0.016	-0.8691492520457533
DRUG_5565:GESTODENE	36	365	80242	16993643	3.1938099687560005e-35	0.09863013698630137	33.48970056420023
DRUG_5566:METHANDROSTENOLONE	2	211	80242	16993643	0.262882410174316	0.009478672985781991	-1.4430139874677272
DRUG_5570:RETINOL	228	5628	80242	16993643	2.679114733189656e-129	0.04051172707889126	127.17958944555367
DRUG_5573:THIMEROSAL	3	479	80242	16993643	0.3939677886440887	0.006263048016701462	-1.7986749734494083
DRUG_5575:HEPTANE	15	836	80242	16993643	1.6003398512019888e-05	0.017942583732057416	3.04967276156777
DRUG_5578:CYCLANDELATE	7	124	80242	16993643	2.431175795768834e-06	0.056451612903225805	4.365859991495322
DRUG_5580:CANRENONE	1	141	80242	16993643	0.4869413568659161	0.0070921985815602835	-1.8366957742333159
DRUG_5584:ZIPRASIDONE	6	350	80242	16993643	0.0068666585206334126	0.017142857142857144	0.39733775559446793
DRUG_5592:PROBENECID	3	1930	80242	16993643	0.9943879658633141	0.0015544041450777201	-2.805991914098307
DRUG_5597:ALLANTOIN	1	378	80242	16993643	0.8328926679984767	0.0026455026455026454	-2.498080838819839
DRUG_5600:MELOXICAM	1	457	80242	16993643	0.8850249683805599	0.002188183807439825	-2.606871723283989
DRUG_5611:RITANSERIN	1	751	80242	16993643	0.9714074770064123	0.0013315579227696406	-2.8630413789558133
DRUG_5613:DAUNORUBICIN	13	2587	80242	16993643	0.4487265997678602	0.005025125628140704	-1.950834890961723
DRUG_5617:ENDOSULFAN	6	636	80242	16993643	0.08375114408456885	0.009433962264150943	-0.948296613704654
DRUG_5618:ESTRADIOL CYPIONATE	5	79	80242	16993643	3.956038452145773e-05	0.06329113924050633	3.204082408817714
DRUG_5619:FINASTERIDE	6	921	80242	16993643	0.2712280677255058	0.006514657980456026	-1.6194430098001504
DRUG_5625:SPARFLOXACIN	1	608	80242	16993643	0.9437390985847456	0.001644736842105263	-2.7587555272722746
DRUG_5626:EFAVIRENZ	32	685	80242	16993643	1.8725528744057023e-21	0.04671532846715328	19.39702531731129
DRUG_5627:TIBOLONE	51	428	80242	16993643	1.9004251126333632e-53	0.1191588785046729	51.79727564643735
DRUG_5628:DIAZEPAM	40	9877	80242	16993643	0.8534843898272104	0.004049812696162803	-2.323760644746812
DRUG_5630:AMLODIPINE BESYLATE	2	44	80242	16993643	0.018495996474432803	0.045454545454545456	0.39049958521928607
DRUG_5631:NITROFEN	1	227	80242	16993643	0.658501932337721	0.004405286343612335	-2.174582910906078
DRUG_5633:DESOXYCORTICOSTERONE ACETATE	4	504	80242	16993643	0.21676391971322184	0.007936507936507936	-1.43635754081846
DRUG_5635:2-MERCAPTOBENZIMIDAZOLE	3	26	80242	16993643	0.0002523248955594099	0.11538461538461539	2.660187804583721
DRUG_5636:CILNIDIPINE	4	73	80242	16993643	0.00041729556607998555	0.0547945205479452	2.1182933610110757
DRUG_5640:EMETINE	2	830	80242	16993643	0.9028588565943034	0.0024096385542168677	-2.5736679593253475
DRUG_5642:CHLORMADINONE	13	488	80242	16993643	8.854570110650828e-07	0.02663934426229508	4.47835604926185
DRUG_5651:THIOPHENE	5	782	80242	16993643	0.31119320202420664	0.00639386189258312	-1.6872668500375554
DRUG_5659:EPITESTOSTERONE	2	206	80242	16993643	0.2541776359627308	0.009708737864077669	-1.4179745608316927
DRUG_5662:METHYLENE BLUE	13	4291	80242	16993643	0.9656898288342606	0.0030295968305756233	-2.503452819431652
DRUG_5679:PRAZOSIN	57	4993	80242	16993643	3.5997498526161184e-09	0.011415982375325456	6.5012409670176
DRUG_5694:MELPHALAN	1	3128	80242	16993643	0.9999995945787227	0.00031969309462915604	-3.495266568315551
DRUG_5695:EQUILIN	7	88	80242	16993643	2.377464967608437e-07	0.07954545454545454	5.524501241618017
DRUG_5696:ERGONOVINE	6	470	80242	16993643	0.025516610324184955	0.01276595744680851	-0.30076958891479366
DRUG_5704:TRIPHENYL PHOSPHATE	2	49	80242	16993643	0.022639578758389223	0.04081632653061224	0.2559655737115063
DRUG_5705:CHLORDIAZEPOXIDE	3	1800	80242	16993643	0.9908273285702145	0.0016666666666666668	-2.774149226984931
DRUG_5712:NAFOXIDINE	3	124	80242	16993643	0.021388432138291873	0.024193548387096774	0.05352061942463404
DRUG_5722:RIFAMPIN	5	2648	80242	16993643	0.994745991935683	0.0018882175226586104	-2.7216601743795263
DRUG_5723:PRIMIDONE	4	534	80242	16993643	0.24678093902320514	0.00749063670411985	-1.5177928781253056
DRUG_5726:ETONOGESTREL	4	53	80242	16993643	0.00012100724970005698	0.07547169811320754	2.794972731489956
DRUG_5727:LEUPROLIDE	14	854	80242	16993643	7.852506590773536e-05	0.01639344262295082	2.319661855406067
DRUG_5730:TESTOLACTONE	3	67	80242	16993643	0.004025830002860579	0.04477611940298507	1.0461910198612172
DRUG_5731:BROMOCRIPTINE	22	3955	80242	16993643	0.24907188694060275	0.005562579013906448	-1.6510485179459002
DRUG_5736:NILVADIPINE	4	195	80242	16993643	0.014254597118527293	0.020512820512820513	0.15807043272705323
DRUG_5738:GLYCYRRHIZIN	4	543	80242	16993643	0.25595896633165954	0.007366482504604052	-1.5409101859004495
DRUG_5743:GUGGULSTERONE	8	30	80242	16993643	1.3182074445649351e-12	0.26666666666666666	11.30598497228694
DRUG_5750:IMPLITAPIDE	3	3	80242	16993643	1.0527605509179521e-07	1.0	6.977670397324004
DRUG_5757:FASUDIL	1	98	80242	16993643	0.37113699777135584	0.01020408163265306	-1.560760325991235
DRUG_5768:GO-6976	1	78	80242	16993643	0.3086990267693068	0.01282051282051282	-1.3816298629811732
DRUG_5782:PAXILLINE	1	60	80242	16993643	0.24722166599383377	0.016666666666666666	-1.1712377791355506
DRUG_5784:ATENOLOL	100	3287	80242	16993643	9.137346882040486e-47	0.030422878004259205	44.52238018352751
DRUG_5786:VERAPAMIL	97	11578	80242	16993643	1.3957028216514508e-07	0.00837795819657972	4.778345232536444
DRUG_5796:FUROSEMIDE	14	5570	80242	16993643	0.9967909756858797	0.0025134649910233393	-2.5983312570012287
DRUG_5798:LAMIVUDINE	23	2483	80242	16993643	0.0022465046611561844	0.009262988320579944	0.6152437924379193
DRUG_5799:GLUCAGON	183	15313	80242	16993643	5.648334068012632e-28	0.011950630183504212	25.32547043226658
DRUG_5808:RAMATROBAN	1	24	80242	16993643	0.1073794187715633	0.041666666666666664	-0.41113229057531286
DRUG_5882:FLAVANONE	3	301	80242	16993643	0.17133349816479637	0.009966777408637873	-1.235287522963182
DRUG_5884:URSOLIC ACID	2	192	80242	16993643	0.22985212144638928	0.010416666666666666	-1.343719749514884
DRUG_5894:PERIFOSINE	1	18	80242	16993643	0.08166703074665381	0.05555555555555555	-0.16731927088177123
DRUG_5902:NELFINAVIR	33	707	80242	16993643	4.608197905291109e-22	0.04667609618104668	20.005563403901455
DRUG_5906:TRIFLUOPERAZINE	26	2007	80242	16993643	6.697951568557568e-06	0.012954658694569009	3.2864839725578125
DRUG_5925:LY-294002	1	357	80242	16993643	0.81542926607566	0.0028011204481792717	-2.4640545105070633
DRUG_5930:DOXORUBICIN	86	11720	80242	16993643	7.740726075145503e-05	0.007337883959044369	1.9767891404238513
DRUG_5932:GEMCITABINE	1	2719	80242	16993643	0.9999973568046994	0.0003677822728944465	-3.4344080596608495
DRUG_5937:MINOXIDIL	5	896	80242	16993643	0.4162650397633689	0.005580357142857143	-1.8727079432957214
DRUG_5939:PINACIDIL	3	732	80242	16993643	0.6716719558151505	0.004098360655737705	-2.2145470420053117
DRUG_5944:NATEGLINIDE	2	156	80242	16993643	0.1684055459771466	0.01282051282051282	-1.1184509923933685
DRUG_5946:AMIODARONE	23	4538	80242	16993643	0.39515031583150506	0.005068312031732041	-1.8918989889249405
DRUG_5953:CLOPROSTENOL	1	369	80242	16993643	0.8256203184488977	0.0027100271002710027	-2.483806738525596
DRUG_5966:ENPROSTIL	3	147	80242	16993643	0.03305689744892381	0.02040816326530612	-0.209458170521013
DRUG_5970:IFETROBAN	3	30	80242	16993643	0.0003884956893148905	0.1	2.4106137956974107
DRUG_5973:DALTROBAN	1	50	80242	16993643	0.21073541148966196	0.02	-1.022707523913539
DRUG_5974:ONO-3708	3	97	80242	16993643	0.01116238245180774	0.030927835051546393	0.4425926219767524
DRUG_5975:RIDOGREL	2	72	80242	16993643	0.045842045240092284	0.027777777777777776	-0.21756648618106333
DRUG_5976:CYCLOSPORINE	276	14108	80242	16993643	1.790660191953676e-82	0.01956336830167281	80.03843045212254
DRUG_5977:VINBLASTINE	16	4580	80242	16993643	0.9120709349863011	0.0034934497816593887	-2.416774111609608
DRUG_5979:CLOPIDOGREL	21	1194	80242	16993643	5.025296609221244e-07	0.017587939698492462	4.544053267629847
DRUG_5982:METHYLPHENIDATE	5	2200	80242	16993643	0.9775224878502741	0.0022727272727272726	-2.6335794335893308
DRUG_5983:TRANDOLAPRIL	12	363	80242	16993643	2.427845828643451e-07	0.03305785123966942	5.134053515995138
DRUG_5984:7-ETHYL-10-HYDROXYCAMPTOTHECIN	1	117	80242	16993643	0.425221576995086	0.008547008547008548	-1.6968011555375613
DRUG_6001:MORIN	3	239	80242	16993643	0.10496849212301872	0.012552301255230125	-0.922335604816622
DRUG_6002:MEFLOQUINE	1	991	80242	16993643	0.9908188786244314	0.0010090817356205853	-2.992067927332772
DRUG_6011:ADENOSINE	355	52794	80242	16993643	1.489292899641562e-10	0.006724248967685722	7.654663666004439
DRUG_6018:N6-CYCLOPENTYLADENOSINE	1	427	80242	16993643	0.8674830046072508	0.00234192037470726	-2.5686888500411444
DRUG_6021:NECA	1	595	80242	16993643	0.9401684735013227	0.0016806722689075631	-2.74772264970696
DRUG_6023:FLAVONE	5	1060	80242	16993643	0.5608405380647322	0.0047169811320754715	-2.0751752582224747
DRUG_6030:CGS-21680	2	468	80242	16993643	0.6485205907024891	0.004273504273504274	-2.181139627015293
DRUG_6036:PHENOBARBITAL	92	9191	80242	16993643	8.177207625736209e-11	0.01000979218801001	8.08782003627108
DRUG_6037:RITONAVIR	62	1284	80242	16993643	7.939938954466928e-41	0.048286604361370715	38.784009502361
DRUG_6038:SULFINPYRAZONE	2	318	80242	16993643	0.4430947544518127	0.006289308176100629	-1.8478937330157579
DRUG_6039:TROLEANDOMYCIN	1	305	80242	16993643	0.7639231784714431	0.003278688524590164	-2.367349526661457
DRUG_6040:ECONAZOLE	3	336	80242	16993643	0.21291834445360985	0.008928571428571428	-1.3774311033276851
DRUG_6041:MICONAZOLE	10	1034	80242	16993643	0.027437705002388325	0.009671179883945842	-0.45286832121240006
DRUG_6043:CHLORPROMAZINE	47	7760	80242	16993643	0.05553745471148609	0.006056701030927835	-0.9623498354222253
DRUG_6046:TERBINAFINE	1	712	80242	16993643	0.9656108084406814	0.0014044943820224719	-2.837282111972913
DRUG_6048:MENATETRENONE	1	79	80242	16993643	0.311963300205467	0.012658227848101266	-1.3917305973097478
DRUG_6049:AMOXICILLIN	5	3375	80242	16993643	0.999588859275664	0.0014814814814814814	-2.829125179967244
DRUG_6050:TOPIRAMATE	3	983	80242	16993643	0.8423914899049361	0.003051881993896236	-2.4409462339371077
DRUG_6051:ATAZANAVIR	12	131	80242	16993643	2.317810445229017e-12	0.0916030534351145	10.596832034707859
DRUG_6054:DOXYCYCLINE	8	3040	80242	16993643	0.9742881043541575	0.002631578947368421	-2.5684709966469854
DRUG_6055:METFORMIN	164	2144	80242	16993643	2.9603336999215993e-136	0.07649253731343283	134.41227839790517
DRUG_6056:ISRADIPINE	33	780	80242	16993643	9.07734977896332e-21	0.04230769230769231	18.6684602666812
DRUG_6060:METHADONE	2	5142	80242	16993643	0.999999994213308	0.00038895371450797355	-3.4101020741297323
DRUG_6063:LITHOCHOLIC ACID	70	434	80242	16993643	2.6727501645289603e-82	0.16129032258064516	80.78064994554896
DRUG_6070:BOSENTAN	2	650	80242	16993643	0.8116585399073724	0.003076923076923077	-2.4212567234430646
DRUG_6071:OMEPRAZOLE	5	3586	80242	16993643	0.9998101212895644	0.0013943112102621305	-2.8555578097839707
DRUG_6072:CLINDAMYCIN	1	2771	80242	16993643	0.9999979550687406	0.00036088054853843375	-3.4426356376789617
DRUG_6073:IFOSFAMIDE	1	2772	80242	16993643	0.999997974237648	0.00036075036075036075	-3.442792346161467
DRUG_6077:CYCLOPHOSPHAMIDE	33	20640	80242	16993643	0.9999999660147347	0.0015988372093023256	-2.7961957383176728
DRUG_6084:TETRACYCLINE	13	10990	80242	16993643	0.9999999108291748	0.0011828935395814377	-2.927054301390255
DRUG_6085:NEVIRAPINE	29	1068	80242	16993643	1.6031646820629338e-13	0.027153558052434457	11.228848608480677
DRUG_6086:ERYTHROMYCIN	18	7437	80242	16993643	0.9994634285019875	0.0024203307785397336	-2.615892183802433
DRUG_6087:MINOCYCLINE	1	1895	80242	16993643	0.9998727789406588	0.0005277044854881266	-3.277553959385168
DRUG_6089:ISONIAZID	5	6802	80242	16993643	0.9999999351128599	0.0007350779182593355	-3.1336665950805567
DRUG_6091:LANSOPRAZOLE	1	935	80242	16993643	0.9880322141474035	0.0010695187165775401	-2.9655827155799632
DRUG_6092:RIFABUTIN	3	509	80242	16993643	0.4314401188082546	0.005893909626719057	-1.8645170544914964
DRUG_6095:METYRAPONE	22	1347	80242	16993643	9.182622232516734e-07	0.016332590942835932	4.250088367025073
DRUG_6096:AMPICILLIN	3	6840	80242	16993643	0.9999999693199693	0.0004385964912280702	-3.3579348336762855
DRUG_6098:MEMANTINE	4	547	80242	16993643	0.2600599729639214	0.007312614259597806	-1.5510008480678679
DRUG_6104:GEMFIBROZIL	379	865	80242	16993643	0.0	0.43815028901734104	322.6468084499551
DRUG_6105:CLOFIBRATE	259	2027	80242	16993643	4.268361580448508e-272	0.12777503700049334	270.47618481322485
DRUG_6111:CIPROFIBRATE	52	334	80242	16993643	9.693576220936049e-61	0.15568862275449102	59.20577284729703
DRUG_6114:PIRINIXIC ACID	1	10	80242	16993643	0.046228047102471734	0.1	0.3350944528854012
DRUG_6115:LINOLEIC ACID	716	5510	80242	16993643	0.0	0.12994555353901996	322.1189467709079
DRUG_6117:MYRISTIC ACID	48	620	80242	16993643	2.1420536673680877e-41	0.07741935483870968	39.55801920035916
DRUG_6118:PHENPROCOUMON	1	353	80242	16993643	0.8119015380986877	0.0028328611898017	-2.4572780695388223
DRUG_6121:OLEIC ACID	546	4236	80242	16993643	0.0	0.12889518413597734	322.1154220387211
DRUG_6124:OLEOYLETHANOLAMIDE	2	23	80242	16993643	0.005280870918817456	0.08695652173913043	1.2165966075584658
DRUG_6125:ACIPIMOX	32	191	80242	16993643	4.2634222306267046e-39	0.16753926701570682	37.59435826567562
DRUG_6126:NIACIN	314	1668	80242	16993643	0.0	0.1882494004796163	322.2799189492233
DRUG_6127:ACIFRAN	1	4	80242	16993643	0.018754178587061656	0.25	1.1248419614019678
DRUG_6141:NICOTINE	83	12617	80242	16993643	0.002300689883113001	0.006578425933264643	0.45626390655817683
DRUG_6142:VITAMIN E	853	12767	80242	16993643	0.0	0.06681287694838255	321.83004552023687
DRUG_6144:CLADRIBINE	1	427	80242	16993643	0.8674830046072508	0.00234192037470726	-2.5686888500411444
DRUG_6145:RITUXIMAB	3	1571	80242	16993643	0.9786449978227311	0.0019096117122851686	-2.709680110941888
DRUG_6146:INOSITOL	129	17796	80242	16993643	2.967503322960534e-06	0.00724881995954147	3.387876099280652
DRUG_6147:RAMIPRIL	26	967	80242	16993643	3.448418739929701e-12	0.02688728024819028	9.89192687735028
DRUG_6153:SANDOSTATIN	3	310	80242	16993643	0.18180181937886036	0.00967741935483871	-1.2738386642175326
DRUG_6154:TOREMIFENE	11	360	80242	16993643	1.631078338493559e-06	0.030555555555555555	4.272615364271296
DRUG_6155:EPOPROSTENOL	1	390	80242	16993643	0.8421194932811151	0.002564102564102564	-2.516438327493579
DRUG_6156:EPOPROSTENOL SODIUM	1	9	80242	16993643	0.041703078424047114	0.1111111111111111	0.42558937579721945
DRUG_6157:BERAPROST	3	216	80242	16993643	0.08356590186398725	0.013888888888888888	-0.7793616009856981
DRUG_6165:MISOPROSTOL	2	1938	80242	16993643	0.998941797808147	0.0010319917440660474	-2.9858639623467114
DRUG_6168:UROKINASE	39	7912	80242	16993643	0.4156099340930182	0.004929221435793731	-1.9259075912711965
DRUG_6169:DEFIBROTIDE	4	251	80242	16993643	0.032133519533954984	0.01593625498007968	-0.3045720259026823
DRUG_6171:CETRORELIX	3	227	80242	16993643	0.09354999333764759	0.013215859030837005	-0.8499483633803282
DRUG_6174:VASOPRESSIN	29	19488	80242	16993643	0.9999999440012203	0.001488095238095238	-2.8273692487338637
DRUG_6176:NIMODIPINE	6	1903	80242	16993643	0.8840303543468764	0.0031529164477141357	-2.4477547152456633
DRUG_6177:PREMARIN	17	235	80242	16993643	3.4392541070491235e-15	0.07234042553191489	13.322916794534216
DRUG_6178:ORLISTAT	44	334	80242	16993643	2.5506834872087583e-48	0.1317365269461078	46.71304963906444
DRUG_6179:URIDINE	19	7004	80242	16993643	0.9969299440726979	0.002712735579668761	-2.5652571772460315
DRUG_6181:EPIRUBICIN	2	2039	80242	16993643	0.9993131404991706	0.000980872976949485	-3.0080888283313203
DRUG_6185:CLARITHROMYCIN	6	2759	80242	16993643	0.9895923563049703	0.0021747009786154403	-2.658056782202264
