target	targ_and_kp	targ_tot	kp_tot	db_tot	fet_p_value	targ_and_kp_ratio	prediction_score
DRUG_532:ETANERCEPT	3026	5974	145724	31847923	0.0	0.5065282892534315	322.70978905287086
DRUG_219:Tocilizumab	1482	3142	145724	31847923	0.0	0.4716740929344367	322.67882737039116
DRUG_527:ADALIMUMAB	2338	5987	145724	31847923	0.0	0.39051277768498416	322.5968205961319
DRUG_402:Sulfasalazine	835	2546	145724	31847923	0.0	0.3279654359780047	322.5210134236178
DRUG_406:Anakinra	454	1512	145724	31847923	0.0	0.3002645502645503	322.4826894091437
DRUG_478:ANAKINRA	454	1512	145724	31847923	0.0	0.3002645502645503	322.4826894091437
DRUG_530:INFLIXIMAB	2914	10680	145724	31847923	0.0	0.2728464419475655	322.44110364219324
DRUG_446:SECUKINUMAB	247	956	145724	31847923	0.0	0.2583682008368201	322.41742440843535
DRUG_506:METHOTREXATE	8004	33448	145724	31847923	0.0	0.23929681894283664	322.38412227287364
DRUG_205:Ustekinumab	307	1547	145724	31847923	0.0	0.19844861021331608	322.3028334092296
DRUG_635:USTEKINUMAB	307	1547	145724	31847923	0.0	0.19844861021331608	322.3028334092296
DRUG_462:HYDROXYCHLOROQUINE	802	4549	145724	31847923	0.0	0.1763024840624313	322.251443778906
DRUG_479:NAPROXEN	517	4889	145724	31847923	0.0	0.10574759664553078	322.0294558532819
DRUG_492:RITUXIMAB	1369	18293	145724	31847923	0.0	0.07483736948559558	321.87930386120803
DRUG_481:ROFECOXIB	216	1820	145724	31847923	6.5198733560424235e-223	0.11868131868131868	221.26014320321707
DRUG_231:MCP-1	405	13843	145724	31847923	2.4425586089564373e-182	0.029256664017915192	180.07837981094838
DRUG_398:Canakinumab	130	524	145724	31847923	1.4210471141772745e-179	0.2480916030534351	178.24200358831894
DRUG_640:CANAKINUMAB	130	524	145724	31847923	1.4210471141772745e-179	0.2480916030534351	178.24200358831894
DRUG_488:CYCLOSPORINE	511	24569	145724	31847923	5.989156683814834e-167	0.02079856730025642	164.54066774489883
DRUG_498:ASPIRIN	620	36929	145724	31847923	4.734989495567812e-158	0.016788973435511386	155.54970512207265
DRUG_383:Sarilumab	76	124	145724	31847923	7.942648826065164e-144	0.6129032258064516	142.88742654591294
DRUG_213:Ixekizumab	100	440	145724	31847923	2.7114728194484406e-134	0.22727272727272727	132.9233420682082
DRUG_449:IXEKIZUMAB	100	440	145724	31847923	2.7114728194484406e-134	0.22727272727272727	132.9233420682082
DRUG_622:DEXAMETHASONE	550	44814	145724	31847923	6.439285606422485e-89	0.012272950417280314	86.28011129156647
DRUG_230:Rilonacept	41	115	145724	31847923	2.2613056410043055e-65	0.3565217391304348	64.1977267502478
DRUG_461:RILONACEPT	41	115	145724	31847923	2.2613056410043055e-65	0.3565217391304348	64.1977267502478
DRUG_40:Sirukumab	31	41	145724	31847923	3.1836446171827755e-64	0.7560975609756098	63.375653254622556
DRUG_522:SIRUKUMAB	31	41	145724	31847923	3.1836446171827755e-64	0.7560975609756098	63.375653254622556
DRUG_234:Brodalumab	49	235	145724	31847923	1.1309630742492162e-64	0.20851063829787234	63.26567979224034
DRUG_451:BRODALUMAB	49	235	145724	31847923	1.1309630742492162e-64	0.20851063829787234	63.26567979224034
DRUG_444:FOLIC ACID	234	15572	145724	31847923	1.0005162892975517e-52	0.01502697148728487	50.176647298632716
DRUG_400:Glucosamine	159	8423	145724	31847923	4.741179388614761e-48	0.018876884720408407	45.60004393590928
DRUG_646:GLUCOSAMINE	159	8423	145724	31847923	4.741179388614761e-48	0.018876884720408407	45.60004393590928
DRUG_480:TACROLIMUS	207	13596	145724	31847923	1.0815599653677714e-47	0.015225066195939982	45.148508586338174
DRUG_592:MISOPROSTOL	108	3954	145724	31847923	2.8217364843569996e-47	0.027314112291350532	44.98587063698512
DRUG_47:Celastrol	45	629	145724	31847923	5.517760763838964e-38	0.07154213036565978	36.1127990016898
DRUG_648:CELASTROL	45	629	145724	31847923	5.517760763838964e-38	0.07154213036565978	36.1127990016898
DRUG_628:HYDROCORTISONE	157	11680	145724	31847923	9.172513397775278e-31	0.013441780821917809	28.16596845485484
DRUG_364:ABT-122	12	12	145724	31847923	8.41790127984504e-29	1.0	28.074796171706307
DRUG_8:Bimekizumab	14	25	145724	31847923	7.493243787803297e-27	0.56	25.87351816469031
DRUG_447:BIMEKIZUMAB	14	25	145724	31847923	7.493243787803297e-27	0.56	25.87351816469031
DRUG_44:Benoxaprofen	27	302	145724	31847923	5.087471652765557e-26	0.08940397350993377	24.24485481883722
DRUG_216:Clazakizumab	12	17	145724	31847923	5.099932070116726e-25	0.7058823529411765	24.141167933232186
DRUG_510:CLAZAKIZUMAB	12	17	145724	31847923	5.099932070116726e-25	0.7058823529411765	24.141167933232186
DRUG_175:TACE inhibitors	14	63	145724	31847923	5.342318744743985e-20	0.2222222222222222	18.619057689968404
DRUG_86:Olokizumab	9	13	145724	31847923	6.181320830814953e-19	0.6923076923076923	18.049217871648327
DRUG_514:OLOKIZUMAB	9	13	145724	31847923	6.181320830814953e-19	0.6923076923076923	18.049217871648327
DRUG_46:IL-18BP	16	190	145724	31847923	1.2547330467594152e-15	0.08421052631578947	13.82681504524984
DRUG_497:THALIDOMIDE	83	6679	145724	31847923	3.1728916943975933e-15	0.012427010031441832	12.592911401055574
DRUG_626:ACITRETIN	28	1060	145724	31847923	3.8157416361949524e-13	0.026415094339622643	10.840273205122305
DRUG_403:Bindarit	9	52	145724	31847923	2.708272889038479e-12	0.17307692307692307	10.805546743519425
DRUG_431:BINDARIT	9	52	145724	31847923	2.708272889038479e-12	0.17307692307692307	10.805546743519425
DRUG_149:DPC-333	4	7	145724	31847923	1.5173055098336916e-08	0.5714285714285714	7.5758889164225955
DRUG_238:Diacerein	11	203	145724	31847923	3.774940518692207e-09	0.054187192118226604	7.156986534354577
DRUG_632:DIACEREIN	11	203	145724	31847923	3.774940518692207e-09	0.054187192118226604	7.156986534354577
DRUG_82:ALX-0061	3	3	145724	31847923	9.579459545669109e-08	1.0	7.018658992273712
DRUG_423:MARIMASTAT	10	192	145724	31847923	2.790831142622876e-08	0.052083333333333336	6.270965210710928
DRUG_500:RESVERATROL	98	11337	145724	31847923	6.8436065512146215e-09	0.008644262150480727	6.101442895683565
DRUG_312:Mirikizumab	4	13	145724	31847923	3.0322392726036574e-07	0.3076923076923077	6.006353170731493
DRUG_119:STA-5326	3	7	145724	31847923	3.307040266897843e-06	0.42857142857142855	5.112583731740578
DRUG_56:COVA322	2	2	145724	31847923	2.093615726185476e-05	1.0	4.6791030281548
DRUG_60:Apratastat	2	2	145724	31847923	2.093615726185476e-05	1.0	4.6791030281548
DRUG_424:APRATASTAT	2	2	145724	31847923	2.093615726185476e-05	1.0	4.6791030281548
DRUG_110:Siltuximab	7	123	145724	31847923	1.8757422936882224e-06	0.056910569105691054	4.482019757707251
DRUG_515:SILTUXIMAB	7	123	145724	31847923	1.8757422936882224e-06	0.056910569105691054	4.482019757707251
DRUG_621:MERCAPTOPURINE	40	3579	145724	31847923	5.340908564418848e-07	0.011176306230790724	4.320683149963814
DRUG_65:SB 203580	14	823	145724	31847923	3.8258300761110636e-05	0.01701093560145808	2.648002523495582
DRUG_577:APIGENIN	27	2403	145724	31847923	3.078015098970591e-05	0.011235955056179775	2.5623392474556224
DRUG_26:GSK-1070806	1	1	145724	31847923	0.004575620205986815	1.0	2.3395500308254835
DRUG_68:SAR153191	1	1	145724	31847923	0.004575620205986815	1.0	2.3395500308254835
DRUG_273:Ilodecakin	1	1	145724	31847923	0.004575620205986815	1.0	2.3395500308254835
DRUG_340:ABBV-257	1	1	145724	31847923	0.004575620205986815	1.0	2.3395500308254835
DRUG_459:ABBV-257	1	1	145724	31847923	0.004575620205986815	1.0	2.3395500308254835
DRUG_482:ILODECAKIN	1	1	145724	31847923	0.004575620205986815	1.0	2.3395500308254835
DRUG_440:SIMVASTATIN	65	8286	145724	31847923	3.79945520167032e-05	0.007844557084238474	2.3148470994507684
DRUG_636:GEVOKIZUMAB	3	34	145724	31847923	0.0005154816726781981	0.08823529411764706	2.2334291085937
DRUG_64:Oprelvekin	2	13	145724	31847923	0.0015791556883243576	0.15384615384615385	1.9886616943197124
DRUG_651:OMEPRAZOLE	50	6074	145724	31847923	9.037884770827503e-05	0.008231807704972012	1.9594284167925329
DRUG_309:ABT-874	2	15	145724	31847923	0.002112894451045625	0.13333333333333333	1.800060934053564
DRUG_166:MLN1202	1	2	145724	31847923	0.009130304254723	0.5	1.738484754299459
DRUG_334:AMG 108	1	2	145724	31847923	0.009130304254723	0.5	1.738484754299459
DRUG_464:AMG-108	1	2	145724	31847923	0.009130304254723	0.5	1.738484754299459
DRUG_485:MESALAMINE	12	779	145724	31847923	0.0003252815331626204	0.01540436456996149	1.6753843800985075
DRUG_61:PF-04236921	1	3	145724	31847923	0.013664147940803721	0.3333333333333333	1.3872961898330298
DRUG_324:MEDI5117	1	3	145724	31847923	0.013664147940803721	0.3333333333333333	1.3872961898330298
DRUG_524:PF-04236921	1	3	145724	31847923	0.013664147940803721	0.3333333333333333	1.3872961898330298
DRUG_152:Quercetin	82	11965	145724	31847923	0.0003378993016427766	0.006853322189720017	1.3071138552414951
DRUG_544:BAY-11-7085	4	137	145724	31847923	0.0037990094020175585	0.029197080291970802	0.8856690557973323
DRUG_146:Gallium nitrate	5	231	145724	31847923	0.004488657774946701	0.021645021645021644	0.6832415293380281
DRUG_137:Esonarimod	1	7	145724	31847923	0.031593019651658526	0.14285714285714285	0.6553108223560582
DRUG_345:XOMA 052	1	9	145724	31847923	0.04043487196364287	0.1111111111111111	0.43900141829819794
DRUG_417:RS-504393	1	10	145724	31847923	0.04482547879324937	0.1	0.34847506292237407
DRUG_448:VIDOFLUDIMUS	1	10	145724	31847923	0.04482547879324937	0.1	0.34847506292237407
DRUG_114:Aminoguanidine	23	2916	145724	31847923	0.009948641384642045	0.007887517146776405	-0.10082345990774932
DRUG_643:THYROGLOBULIN	57	8856	145724	31847923	0.008230747075799993	0.006436314363143632	-0.10680200857355837
DRUG_142:DVD-Ig	1	19	145724	31847923	0.08344785016748059	0.05263157894736842	-0.2001687535627399
DRUG_627:RISEDRONIC ACID	1	21	145724	31847923	0.09181625514197818	0.047619047619047616	-0.28513887020006945
DRUG_597:TPCK	4	260	145724	31847923	0.03252408452100607	0.015384615384615385	-0.32511843764678217
DRUG_620:TROGLITAZONE	15	1940	145724	31847923	0.03724993173550914	0.007731958762886598	-0.6828359520684173
DRUG_43:AMENTOFLAVONE	3	213	145724	31847923	0.07526766276212869	0.014084507042253521	-0.7278667790981059
