target	target_with_keyphrase_count	target_count	keyphrase_count	db_article_count
DRUG_0:ECALLANTIDE	2	24	42948	20749320
DRUG_1:APROTININ	5	2818	42948	20749320
DRUG_2:PROGESTERONE	143	43344	42948	20749320
DRUG_3:ABARELIX	23	32	42948	20749320
DRUG_4:MIFEPRISTONE	20	1620	42948	20749320
DRUG_5:TAMOXIFEN	68	11700	42948	20749320
DRUG_6:ETOPOSIDE	146	10588	42948	20749320
DRUG_7:ANDROSTENEDIONE	74	4880	42948	20749320
DRUG_8:OCTREOTIDE	19	4065	42948	20749320
DRUG_9:DOCETAXEL	671	4863	42948	20749320
DRUG_10:SELENOMETHIONINE	37	1191	42948	20749320
DRUG_11:VINBLASTINE	59	5186	42948	20749320
DRUG_12:FLUTAMIDE	446	1704	42948	20749320
DRUG_13:TOPSALYSIN	0	0	42948	20749320
DRUG_14:GENISTEIN	189	5981	42948	20749320
DRUG_15:BICALUTAMIDE	413	548	42948	20749320
DRUG_16:NILUTAMIDE	60	113	42948	20749320
DRUG_17:ESTRAMUSTINE	359	743	42948	20749320
DRUG_18:AVORALSTAT	0	0	42948	20749320
DRUG_19:GANTACURIUM	0	3	42948	20749320
DRUG_20:CP-601927	0	0	42948	20749320
DRUG_21:CARBACHOL	4	7977	42948	20749320
DRUG_22:ROCURONIUM	0	976	42948	20749320
DRUG_23:HEXAMETHONIUM	0	3044	42948	20749320
DRUG_24:PIPECURONIUM	0	128	42948	20749320
DRUG_25:DOXACURIUM	0	61	42948	20749320
DRUG_26:TUBOCURARINE	0	2264	42948	20749320
DRUG_27:DECAMETHONIUM	0	370	42948	20749320
DRUG_28:CISATRACURIUM	0	296	42948	20749320
DRUG_29:MIVACURIUM	0	522	42948	20749320
DRUG_30:BIPERIDEN	0	202	42948	20749320
DRUG_31:MECAMYLAMINE	0	1498	42948	20749320
DRUG_32:PANCURONIUM	0	1640	42948	20749320
DRUG_33:NICOTINE	4	17544	42948	20749320
DRUG_34:ATRACURIUM	0	1316	42948	20749320
DRUG_35:VECURONIUM	0	1990	42948	20749320
DRUG_36:METOCURINE	0	90	42948	20749320
DRUG_37:LEVALLORPHAN	0	177	42948	20749320
DRUG_38:CYTISINICLINE	0	0	42948	20749320
DRUG_39:BROMOCRIPTINE	5	4252	42948	20749320
DRUG_40:HALOPERIDOL	2	9951	42948	20749320
DRUG_41:ROSIGLITAZONE	9	2807	42948	20749320
DRUG_42:ETHER	17	19354	42948	20749320
DRUG_43:K-252A	0	254	42948	20749320
DRUG_44:BORTEZOMIB	23	1815	42948	20749320
DRUG_45:CETRAXATE	0	53	42948	20749320
DRUG_46:OMECAMTIV MECARBIL	0	2	42948	20749320
DRUG_47:TIGAPOTIDE	0	0	42948	20749320
DRUG_48:VOLANESORSEN SODIUM	0	0	42948	20749320
DRUG_49:ADRIAMYCIN	50	9687	42948	20749320
DRUG_50:CAPROMAB	35	61	42948	20749320
DRUG_51:SURAMIN	90	2396	42948	20749320
DRUG_52:TECHNETIUM TC-99M TROFOLASTAT CHLORIDE	0	0	42948	20749320
DRUG_53:MDX-070	0	0	42948	20749320
DRUG_54:MIPSAGARGIN	0	0	42948	20749320
DRUG_55:METHOTREXATE	41	20880	42948	20749320
DRUG_56:MLN-591RL	0	0	42948	20749320
DRUG_57:MLN-2704	0	0	42948	20749320
DRUG_58:MERCAPTOPURINE	0	2705	42948	20749320
DRUG_59:ANDROSTANOLONE	0	50	42948	20749320
DRUG_60:MENTHOL	6	801	42948	20749320
DRUG_61:CANNABIDIOL	0	622	42948	20749320
DRUG_62:PF-05105679	0	0	42948	20749320
DRUG_63:ELISMETREP	0	0	42948	20749320
DRUG_64:D-3263	0	0	42948	20749320
DRUG_65:ANANDAMIDE	7	1881	42948	20749320
DRUG_66:5-BENZYLOXYTRYPTAMINE	0	7	42948	20749320
DRUG_67:CLOTRIMAZOLE	2	1117	42948	20749320
DRUG_68:METHIONINE	57	23583	42948	20749320
DRUG_69:ILOMASTAT	0	57	42948	20749320
DRUG_70:PILOCARPINE HYDROCHLORIDE	0	116	42948	20749320
DRUG_71:SUXAMETHONIUM	0	1010	42948	20749320
DRUG_72:BENZQUINAMIDE	0	60	42948	20749320
DRUG_73:LEVOMEPROMAZINE	0	260	42948	20749320
DRUG_74:FESOTERODINE	0	46	42948	20749320
DRUG_75:PROPANTHELINE	1	238	42948	20749320
DRUG_76:CYCLOPENTOLATE	0	180	42948	20749320
DRUG_77:ATROPINE SULFATE	0	619	42948	20749320
DRUG_78:TRIFLUPROMAZINE	0	143	42948	20749320
DRUG_79:CEVIMELINE	0	57	42948	20749320
DRUG_80:PROPIOMAZINE	0	58	42948	20749320
DRUG_81:ACECLIDINE	0	65	42948	20749320
DRUG_82:IPRATROPIUM	1	1237	42948	20749320
DRUG_83:TRIHEXYPHENIDYL	0	296	42948	20749320
DRUG_84:BIPERIDEN LACTATE	0	1	42948	20749320
DRUG_85:N-DESMETHYLCLOZAPINE	0	70	42948	20749320
DRUG_86:GLYCOPYRROLATE	0	473	42948	20749320
DRUG_87:BIPERIDEN HYDROCHLORIDE	0	7	42948	20749320
DRUG_88:ATROPINE	2	15328	42948	20749320
DRUG_89:METOCLOPRAMIDE	1	3378	42948	20749320
DRUG_90:PILOCARPINE	1	3600	42948	20749320
DRUG_91:FLAVOXATE	1	94	42948	20749320
DRUG_92:SCOPOLAMINE	1	3871	42948	20749320
DRUG_93:METHANTHELINE	0	52	42948	20749320
DRUG_94:HEXOCYCLIUM METHYLSULFATE	0	4	42948	20749320
DRUG_95:CLIDINIUM BROMIDE	0	14	42948	20749320
DRUG_96:STAUROSPORINE	26	5686	42948	20749320
DRUG_97:AMITRIPTYLINE	0	3547	42948	20749320
DRUG_98:PROMETHAZINE	0	1132	42948	20749320
DRUG_99:ALCURONIUM	0	190	42948	20749320
DRUG_100:THIETHYLPERAZINE	0	110	42948	20749320
DRUG_101:SOLIFENACIN	0	160	42948	20749320
DRUG_102:CLIDINIUM	0	20	42948	20749320
DRUG_103:DESIPRAMINE	5	3385	42948	20749320
DRUG_104:TOLTERODINE	1	438	42948	20749320
DRUG_105:CYCRIMINE	0	8	42948	20749320
DRUG_106:DICYCLOMINE	0	122	42948	20749320
DRUG_107:METHIXENE	0	15	42948	20749320
DRUG_108:ACETYLCHOLINE	3	45416	42948	20749320
DRUG_109:BUCLIZINE	0	32	42948	20749320
DRUG_110:OTENZEPAD	0	6	42948	20749320
DRUG_111:ARECOLINE	0	557	42948	20749320
DRUG_112:4-DAMP	0	433	42948	20749320
DRUG_113:BETHANECHOL	1	886	42948	20749320
DRUG_114:DIPHENIDOL	0	50	42948	20749320
DRUG_115:NGX-267	0	0	42948	20749320
DRUG_116:MILAMELINE	0	8	42948	20749320
DRUG_117:HIMBACINE	0	87	42948	20749320
DRUG_118:OXYPHENONIUM	0	60	42948	20749320
DRUG_119:MEPENZOLATE BROMIDE	0	3	42948	20749320
DRUG_120:CLOZAPINE	1	5806	42948	20749320
DRUG_121:METHOCTRAMINE	0	405	42948	20749320
DRUG_122:DOXEPIN	0	668	42948	20749320
DRUG_123:METHSCOPOLAMINE BROMIDE	0	19	42948	20749320
DRUG_124:CARBINOXAMINE	0	22	42948	20749320
DRUG_125:PROCYCLIDINE	0	86	42948	20749320
DRUG_126:TIOTROPIUM	1	460	42948	20749320
DRUG_127:ACLIDINIUM	0	18	42948	20749320
DRUG_128:METHSCOPOLAMINE	0	66	42948	20749320
DRUG_129:DIPHEMANIL METHYLSULFATE	0	19	42948	20749320
DRUG_130:UMECLIDINIUM	0	0	42948	20749320
DRUG_131:TROSPIUM	0	112	42948	20749320
DRUG_132:ANISOTROPINE METHYLBROMIDE	0	18	42948	20749320
DRUG_133:ETHOPROPAZINE	0	62	42948	20749320
DRUG_134:OXYPHENCYCLIMINE	0	31	42948	20749320
DRUG_135:FURTRETHONIUM	0	9	42948	20749320
DRUG_136:OXYBUTYNIN	1	644	42948	20749320
DRUG_137:INDACATEROL	0	49	42948	20749320
DRUG_138:AFACIFENACIN	0	0	42948	20749320
DRUG_139:DARIFENACIN	1	123	42948	20749320
DRUG_140:PROMAZINE	0	496	42948	20749320
DRUG_141:DICYCLOMINE HYDROCHLORIDE	0	32	42948	20749320
DRUG_142:BENZTROPINE	0	333	42948	20749320
DRUG_143:TRIHEXYPHENIDYL HYDROCHLORIDE	0	13	42948	20749320
DRUG_144:OXYPHENONIUM BROMIDE	0	29	42948	20749320
DRUG_145:CYCRIMINE HYDROCHLORIDE	0	2	42948	20749320
DRUG_146:ETHOPROPAZINE HYDROCHLORIDE	0	2	42948	20749320
DRUG_147:PIPERTRAMINE AMIDE	0	0	42948	20749320
DRUG_148:OXOTREMORINE	0	1332	42948	20749320
DRUG_149:VINBURNINE	0	16	42948	20749320
DRUG_150:ISOPROPAMIDE IODIDE	0	22	42948	20749320
DRUG_151:PROPANTHELINE BROMIDE	0	98	42948	20749320
DRUG_152:METHIXENE HYDROCHLORIDE	0	8	42948	20749320
DRUG_153:ASM-024	0	0	42948	20749320
DRUG_154:SABCOMELINE	0	8	42948	20749320
DRUG_155:TRIPITRAMINE	0	17	42948	20749320
DRUG_156:NEBRACETAM	0	14	42948	20749320
DRUG_157:DIPHENIDOL HYDROCHLORIDE	0	2	42948	20749320
DRUG_158:GLYCOPYRRONIUM	0	52	42948	20749320
DRUG_159:BRUCINE	0	160	42948	20749320
DRUG_160:CHEMBL523685	0	0	42948	20749320
DRUG_161:PIPERTRAMINE	0	0	42948	20749320
DRUG_162:OLANZAPINE	1	3680	42948	20749320
DRUG_163:DAROTROPIUM BROMIDE	0	0	42948	20749320
DRUG_164:PIRENZEPINE	0	1837	42948	20749320
DRUG_165:CHEMBL1242950	0	0	42948	20749320
DRUG_166:REVEFENACIN	0	0	42948	20749320
DRUG_167:TRIDIHEXETHYL	0	9	42948	20749320
DRUG_168:VINCAMINE	0	217	42948	20749320
DRUG_169:XANOMELINE	0	62	42948	20749320
DRUG_170:MK-7622	0	0	42948	20749320
DRUG_171:CEVIMELINE HYDROCHLORIDE	0	13	42948	20749320
DRUG_172:PROCYCLIDINE HYDROCHLORIDE	0	11	42948	20749320
DRUG_173:BENZTROPINE MESYLATE	0	29	42948	20749320
DRUG_174:DOTHIEPIN	0	181	42948	20749320
DRUG_175:TRIDIHEXETHYL CHLORIDE	0	5	42948	20749320
DRUG_176:OXYPHENCYCLIMINE HYDROCHLORIDE	0	11	42948	20749320
DRUG_177:STRYCHNINE	0	3002	42948	20749320
DRUG_178:METHYLPHENIDATE	1	3342	42948	20749320
DRUG_179:APIGENIN	22	811	42948	20749320
DRUG_180:LAPACHONE	13	177	42948	20749320
DRUG_181:APOMORPHINE HYDROCHLORIDE HEMIHYDRATE	0	0	42948	20749320
DRUG_182:OXOPURPUREINE	0	0	42948	20749320
DRUG_183:CHEMBL122701	0	0	42948	20749320
DRUG_184:CHEMBL586000	0	0	42948	20749320
DRUG_185:PHENAZOPYRIDINE HYDROCHLORIDE	0	34	42948	20749320
DRUG_186:CHEMBL1451216	0	0	42948	20749320
DRUG_187:CHEMBL146710	0	0	42948	20749320
DRUG_188:CALCIMYCIN	1	114	42948	20749320
DRUG_189:CHEMBL77387	0	0	42948	20749320
DRUG_190:GENTIAN VIOLET	0	279	42948	20749320
DRUG_191:ARISTOLOCHIC ACID	1	493	42948	20749320
DRUG_192:CHEMBL67535	0	0	42948	20749320
DRUG_193:TANSHINONE I	0	68	42948	20749320
DRUG_194:CHEMBL196814	0	0	42948	20749320
DRUG_195:4-METHOXYDALBERGIONE	0	3	42948	20749320
DRUG_196:CHEMBL1567571	0	0	42948	20749320
DRUG_197:ISOBOLDINE	0	6	42948	20749320
DRUG_198:CHEMBL323356	0	0	42948	20749320
DRUG_199:METHYL 7-DESHYDROXYPYROGALLIN-4-CARBOXYLATE	0	0	42948	20749320
DRUG_200:CHEMBL1257092	0	0	42948	20749320
DRUG_201:TYRPHOSTIN 25	0	62	42948	20749320
DRUG_202:ATHRAQUINONES A	0	0	42948	20749320
DRUG_203:FELODIPINE	0	1046	42948	20749320
DRUG_204:CHEMBL1503190	0	0	42948	20749320
DRUG_205:CHEMBL548017	0	0	42948	20749320
DRUG_206:CHEMBL166486	0	0	42948	20749320
DRUG_207:L-755507	0	0	42948	20749320
DRUG_208:SARCOLYSIN	0	144	42948	20749320
DRUG_209:STAUROSPORINE AGLYCON	0	2	42948	20749320
DRUG_210:DAMNACANTHAL	0	24	42948	20749320
DRUG_211:CHEMBL399530	0	0	42948	20749320
DRUG_212:CHEMBL585654	0	0	42948	20749320
DRUG_213:CHEMBL587620	0	0	42948	20749320
DRUG_214:KAEMPFEROL	11	982	42948	20749320
DRUG_215:CHEMBL1466186	0	0	42948	20749320
DRUG_216:GOSSYPOL	25	1225	42948	20749320
DRUG_217:PITTSBURGH COMPOUND B	0	115	42948	20749320
DRUG_218:CYSTAMINE DIHYDROCHLORIDE	0	5	42948	20749320
DRUG_219:PHENOTHIAZINE	0	3056	42948	20749320
DRUG_220:DIAMIDE	1	999	42948	20749320
DRUG_221:CHEMBL1397308	0	0	42948	20749320
DRUG_222:SANGUINARINE SULFATE	0	1	42948	20749320
DRUG_223:CHEMBL601140	0	0	42948	20749320
DRUG_224:CHEMBL606166	0	0	42948	20749320
DRUG_225:CHEMBL312487	0	0	42948	20749320
DRUG_226:CHEMBL1989853	0	0	42948	20749320
DRUG_227:RESVERATROL	58	2974	42948	20749320
DRUG_228:ERGOCRISTINE	0	29	42948	20749320
DRUG_229:CHEMBL337173	0	0	42948	20749320
DRUG_230:CAFFEIC ACID PHENETHYL ESTER	4	369	42948	20749320
DRUG_231:CHEMBL582473	0	0	42948	20749320
DRUG_232:CHEMBL483847	0	0	42948	20749320
DRUG_233:DANTROLENE	0	1376	42948	20749320
DRUG_234:ALLOXAN	1	4478	42948	20749320
DRUG_235:ETHACRIDINE LACTATE	0	36	42948	20749320
DRUG_236:NIFUROXAZIDE	2	55	42948	20749320
DRUG_237:CHEMBL1546228	0	0	42948	20749320
DRUG_238:CHEMBL175266	0	0	42948	20749320
DRUG_239:BENSERAZIDE HYDROCHLORIDE	0	3	42948	20749320
DRUG_240:DAUNORUBICIN HYDROCHLORIDE	0	16	42948	20749320
DRUG_241:CHEMBL1306524	0	0	42948	20749320
DRUG_242:9,10-PHENANTHRENEQUINONE	0	75	42948	20749320
DRUG_243:CHEMBL2181040	0	0	42948	20749320
DRUG_244:GALLIC ACID	8	1108	42948	20749320
DRUG_245:GUTHION	0	38	42948	20749320
DRUG_246:NIGULDIPINE	0	58	42948	20749320
DRUG_247:AGROCLAVINE	0	34	42948	20749320
DRUG_248:ISOGINKGETIN	0	8	42948	20749320
DRUG_249:ROSMARINIC ACID	0	306	42948	20749320
DRUG_250:PROPYLENE GLYCOL MONOSTEARATE	0	2	42948	20749320
DRUG_251:CHEMBL126804	0	0	42948	20749320
DRUG_252:CHEMBL297304	0	0	42948	20749320
DRUG_253:DOXORUBICIN HYDROCHLORIDE	1	262	42948	20749320
DRUG_254:CHEMBL578905	0	0	42948	20749320
DRUG_255:ZAPA	0	26	42948	20749320
DRUG_256:CHEMBL582286	0	0	42948	20749320
DRUG_257:LANSOPRAZOLE	0	1283	42948	20749320
DRUG_258:CHEMBL99408	0	0	42948	20749320
DRUG_259:TANSHINONE IIA	1	234	42948	20749320
DRUG_260:CHEMBL2181039	0	0	42948	20749320
DRUG_261:BILIRUBIN	14	15227	42948	20749320
DRUG_262:QUERCETIN	39	4467	42948	20749320
DRUG_263:CHEMBL601367	0	0	42948	20749320
DRUG_264:BAICALEIN	15	533	42948	20749320
DRUG_265:CHEMBL1334465	0	0	42948	20749320
DRUG_266:CHEMBL586031	0	0	42948	20749320
DRUG_267:MITOXANTRONE HYDROCHLORIDE	1	16	42948	20749320
DRUG_268:ZAGOTENEMAB	0	0	42948	20749320
DRUG_269:CHEMBL1814509	0	0	42948	20749320
DRUG_270:OXYTETRACYCLINE	0	2312	42948	20749320
DRUG_271:DOCONEXENT	0	0	42948	20749320
DRUG_272:CHEMBL515252	0	0	42948	20749320
DRUG_273:OXOGLAUCINE	0	10	42948	20749320
DRUG_274:CHEMBL606167	0	0	42948	20749320
DRUG_275:RHEIN	0	311	42948	20749320
DRUG_276:CHEMBL1609016	0	0	42948	20749320
DRUG_277:1,2-NAPHTHOQUINONE	1	147	42948	20749320
DRUG_278:3-METHYLCHOLANTHRENE	2	3129	42948	20749320
DRUG_279:2,6-DIMETHOXYQUINONE	0	1	42948	20749320
DRUG_280:OSAJIN	0	12	42948	20749320
DRUG_281:ROTTLERIN	7	611	42948	20749320
DRUG_282:METHYLENE BLUE	2	5733	42948	20749320
DRUG_283:DERRUBONE	0	3	42948	20749320
DRUG_284:CHEMBL527584	0	0	42948	20749320
DRUG_285:CHEMBL244707	0	0	42948	20749320
DRUG_286:CHEMBL1224755	0	0	42948	20749320
DRUG_287:CHEMBL601952	0	0	42948	20749320
DRUG_288:CHEMBL528807	0	0	42948	20749320
DRUG_289:SULFURETIN	0	18	42948	20749320
DRUG_290:CHEMBL1335833	0	0	42948	20749320
DRUG_291:INAMRINONE	0	0	42948	20749320
DRUG_292:CHEMBL538542	0	0	42948	20749320
DRUG_293:CHEMBL578294	0	0	42948	20749320
DRUG_294:DEXKETOPROFEN	0	75	42948	20749320
DRUG_295:STREPTONIGRIN	0	224	42948	20749320
DRUG_296:OBTUSAQUINONE	0	0	42948	20749320
DRUG_297:CHEMBL1412489	0	0	42948	20749320
DRUG_298:TRANSPLATIN	0	86	42948	20749320
DRUG_299:CHEMBL528181	0	0	42948	20749320
DRUG_300:CHEMBL600734	0	0	42948	20749320
DRUG_301:LAPACHOL	0	77	42948	20749320
DRUG_302:CHEMBL1601846	0	0	42948	20749320
DRUG_303:TOLONIUM CHLORIDE	0	17	42948	20749320
DRUG_304:CHEMBL24983	0	0	42948	20749320
DRUG_305:CHEMBL579837	0	0	42948	20749320
DRUG_306:HAEMATOXYLIN	16	1332	42948	20749320
DRUG_307:GOSSYPETIN	0	12	42948	20749320
DRUG_308:DIMETHYL GAMBOGATE	0	0	42948	20749320
DRUG_309:CHEMBL586078	0	0	42948	20749320
DRUG_310:THIOLUTIN	0	25	42948	20749320
DRUG_311:CHEMBL592124	0	0	42948	20749320
DRUG_312:NORDEFRIN	0	2	42948	20749320
DRUG_313:CHEMBL1569494	0	0	42948	20749320
DRUG_314:CHEMBL1390716	0	0	42948	20749320
DRUG_315:KOPARIN	0	0	42948	20749320
DRUG_316:CHEMBL313737	0	0	42948	20749320
DRUG_317:DIHYDROERGOTAMINE	0	996	42948	20749320
DRUG_318:NIFEDIPINE	8	11788	42948	20749320
DRUG_319:CHEMBL579105	0	0	42948	20749320
DRUG_320:ARACHIDONIC ACID	93	21926	42948	20749320
DRUG_321:CURCUMIN	73	3052	42948	20749320
DRUG_322:NBQX	0	677	42948	20749320
DRUG_323:RACEPINEPHRINE	0	1	42948	20749320
DRUG_324:CHEMBL222556	0	0	42948	20749320
DRUG_325:CATECHIN	12	1973	42948	20749320
DRUG_326:CHEMBL584442	0	0	42948	20749320
DRUG_327:AMENTOFLAVONE	0	73	42948	20749320
DRUG_328:SEMAXANIB	0	10	42948	20749320
DRUG_329:CHEMBL585591	0	0	42948	20749320
DRUG_330:PHOSMET	0	73	42948	20749320
DRUG_331:CHEMBL602969	0	0	42948	20749320
DRUG_332:PATULIN	0	483	42948	20749320
DRUG_333:BROMOENOL LACTONE	2	214	42948	20749320
DRUG_334:PYRANTEL PAMOATE	0	193	42948	20749320
DRUG_335:CHEMBL17201	0	0	42948	20749320
DRUG_336:CHEMBL600747	0	0	42948	20749320
DRUG_337:EPALRESTAT	0	83	42948	20749320
DRUG_338:LINOLENIC ACID	26	3400	42948	20749320
DRUG_339:CHEMBL533293	0	0	42948	20749320
DRUG_340:CHEMBL585656	0	0	42948	20749320
DRUG_341:GW282974X	0	0	42948	20749320
DRUG_342:CEAROIN	0	0	42948	20749320
DRUG_343:CHEMBL580071	0	0	42948	20749320
DRUG_344:CARBONYL CYANIDE M-CHLOROPHENYLHYDRAZONE	1	523	42948	20749320
DRUG_345:ALTENUSIN	0	2	42948	20749320
DRUG_346:SAPPANONE A DIMETHYL ETHER	0	0	42948	20749320
DRUG_347:CHEMBL1465049	0	0	42948	20749320
DRUG_348:LAVENDUSTIN A	2	210	42948	20749320
DRUG_349:5-NITRO-2-PHENYLPROPYLAMINOBENZOIC ACID [NPPB]	0	0	42948	20749320
DRUG_350:CHEMBL211670	0	0	42948	20749320
DRUG_351:PYRROLIDINE DITHIOCARBAMIC ACID, AMMONIUM SALT	0	0	42948	20749320
DRUG_352:RESERPINE	0	7581	42948	20749320
DRUG_353:PD-169316	0	18	42948	20749320
DRUG_354:CHEMBL252417	0	0	42948	20749320
DRUG_355:STICTIC ACID	0	3	42948	20749320
DRUG_356:CHEMBL59150	0	0	42948	20749320
DRUG_357:CHEMBL597035	0	0	42948	20749320
DRUG_358:METHYLTHIONINIUM CHLORIDE	0	12	42948	20749320
DRUG_359:CHLORANIL	0	135	42948	20749320
DRUG_360:ERGOCRYPTINE	0	275	42948	20749320
DRUG_361:EMBELIN	3	60	42948	20749320
DRUG_362:CISPLATIN	144	25031	42948	20749320
DRUG_363:TYRPHOSTIN 23	0	68	42948	20749320
DRUG_364:CHOLECALCIFEROL	12	726	42948	20749320
DRUG_365:CHEMBL343002	0	0	42948	20749320
DRUG_366:GW441756X	0	0	42948	20749320
DRUG_367:CHEMBL581044	0	0	42948	20749320
DRUG_368:CHEMBL601353	0	0	42948	20749320
DRUG_369:3,4-DIDESMETHYL-5-DESHYDROXY-3'-ETHOXYSCLEROIN	0	0	42948	20749320
DRUG_370:CHEMBL531322	0	0	42948	20749320
DRUG_371:HARMALOL	0	21	42948	20749320
DRUG_372:XANTHOANGELOL	0	14	42948	20749320
DRUG_373:PIPLARTINE	1	11	42948	20749320
DRUG_374:CHEMBL242171	0	0	42948	20749320
DRUG_375:COUMESTROL	4	237	42948	20749320
DRUG_376:CHEMBL72365	0	0	42948	20749320
DRUG_377:CHEMBL601385	0	0	42948	20749320
DRUG_378:2-BENZOYL-5-METHOXYBENZOQUINONE	0	0	42948	20749320
DRUG_379:PICEATANNOL	5	246	42948	20749320
DRUG_380:CHEMBL533965	0	0	42948	20749320
DRUG_381:HELENALIN	1	130	42948	20749320
DRUG_382:CHEMBL595227	0	0	42948	20749320
DRUG_383:CHEMBL586061	0	0	42948	20749320
DRUG_384:CHEMBL1984884	0	0	42948	20749320
DRUG_385:CHEMBL493863	0	0	42948	20749320
DRUG_386:CHEMBL1426508	0	0	42948	20749320
DRUG_387:DEHYDROVARIABILIN	0	0	42948	20749320
DRUG_388:GF-109203	0	13	42948	20749320
DRUG_389:TRIMETREXATE	2	360	42948	20749320
DRUG_390:CHEMBL538104	0	0	42948	20749320
DRUG_391:CHEMBL578890	0	0	42948	20749320
DRUG_392:AURINTRICARBOXYLIC ACID	0	330	42948	20749320
DRUG_393:FUMARPROTOCETRARIC ACID	0	3	42948	20749320
DRUG_394:Z-PRO-PROLINAL	0	22	42948	20749320
DRUG_395:CHEMBL1518572	0	0	42948	20749320
DRUG_396:SU-9516	0	0	42948	20749320
DRUG_397:RHAMNETIN	0	31	42948	20749320
DRUG_398:DANTROLENE SODIUM	0	333	42948	20749320
DRUG_399:GARCINONE E	0	2	42948	20749320
DRUG_400:CHEMBL339587	0	0	42948	20749320
DRUG_401:CHEMBL184074	0	0	42948	20749320
DRUG_402:DITHIAZANINE IODIDE	0	33	42948	20749320
DRUG_403:MORIN	0	383	42948	20749320
DRUG_404:SAPPANONE A TRIMETHYL ETHER	0	0	42948	20749320
DRUG_405:CHEMBL274921	0	0	42948	20749320
DRUG_406:CHEMBL322970	0	0	42948	20749320
DRUG_407:CIS-RESVERATROL	0	36	42948	20749320
DRUG_408:CHEMBL1498652	0	0	42948	20749320
DRUG_409:TYRPHOSTIN 47	0	47	42948	20749320
DRUG_410:WORTMANNIN	29	4748	42948	20749320
DRUG_411:SANGUINARIUM	0	8	42948	20749320
DRUG_412:CHEMBL2094456	0	0	42948	20749320
DRUG_413:OMEPRAZOLE	1	4389	42948	20749320
DRUG_414:CHEMBL2002487	0	0	42948	20749320
DRUG_415:HOMIDIUM BROMIDE	0	18	42948	20749320
DRUG_416:U-0126	0	174	42948	20749320
DRUG_417:TRICETIN	0	10	42948	20749320
DRUG_418:CHEMBL429095	0	0	42948	20749320
DRUG_419:CHEMBL1519374	0	0	42948	20749320
DRUG_420:4,4'-DIMETHOXYDALBERGIONE	0	0	42948	20749320
DRUG_421:AROMATICIN	0	0	42948	20749320
DRUG_422:HYDROXYZINE PAMOATE	0	16	42948	20749320
DRUG_423:ARUNDINE	0	0	42948	20749320
DRUG_424:CHEMBL590691	0	0	42948	20749320
DRUG_425:CHEMBL19954	0	0	42948	20749320
DRUG_426:BISINDOLYLMALEIMIDE IX	0	15	42948	20749320
DRUG_427:CHEMBL1079460	0	0	42948	20749320
DRUG_428:CHEMBL525103	0	0	42948	20749320
DRUG_429:DAUNORUBICIN	6	3087	42948	20749320
DRUG_430:MANGOSTIN	0	62	42948	20749320
DRUG_431:IRIGENOL	0	0	42948	20749320
DRUG_432:HOMIDIUM	0	39	42948	20749320
DRUG_433:EPIGALOCATECHIN GALLATE	0	1	42948	20749320
DRUG_434:ERBSTATIN	0	168	42948	20749320
DRUG_435:CHEMBL590186	0	0	42948	20749320
DRUG_436:CHEMBL600738	0	0	42948	20749320
DRUG_437:AMSACRINE HYDROCHLORIDE	0	1	42948	20749320
DRUG_438:PURPUROGALLIN	0	39	42948	20749320
DRUG_439:HYPERICIN	3	574	42948	20749320
DRUG_440:CHEMBL310934	0	0	42948	20749320
DRUG_441:CHEMBL578504	0	0	42948	20749320
DRUG_442:CARBOPLATIN	68	6534	42948	20749320
DRUG_443:TRIBROMSALAN	0	7	42948	20749320
DRUG_444:CHEMBL580183	0	0	42948	20749320
DRUG_445:INDIRUBIN-3-MONOXIME	0	32	42948	20749320
DRUG_446:FENRETINIDE	18	317	42948	20749320
DRUG_447:CHELERYTHRINE	4	1552	42948	20749320
DRUG_448:CHEMBL2095095	0	0	42948	20749320
DRUG_449:RABEPRAZOLE	0	550	42948	20749320
DRUG_450:CYSTAMINE HYDROCHLORIDE	0	6	42948	20749320
DRUG_451:ISOLIQUIRITIGENIN	7	129	42948	20749320
DRUG_452:BERBERINE CHLORIDE	0	39	42948	20749320
DRUG_453:POMIFERIN	0	13	42948	20749320
DRUG_454:DAPH	0	16	42948	20749320
DRUG_455:CHEMBL576409	0	0	42948	20749320
DRUG_456:CHEMBL546576	0	0	42948	20749320
DRUG_457:CHEMBL462861	0	0	42948	20749320
DRUG_458:CHEMBL578512	0	0	42948	20749320
DRUG_459:CHEMBL457504	0	0	42948	20749320
DRUG_460:SANGUINARIUM CHLORIDE	0	2	42948	20749320
DRUG_461:CHEMBL1372046	0	0	42948	20749320
DRUG_462:IRIGINOL HEXAACEATATE	0	0	42948	20749320
DRUG_463:CHEMBL68534	0	0	42948	20749320
DRUG_464:CHEMBL546597	0	0	42948	20749320
DRUG_465:CHEMBL35482	0	0	42948	20749320
DRUG_466:CHEMBL1939691	0	0	42948	20749320
DRUG_467:CHEMBL536375	0	0	42948	20749320
DRUG_468:EPINEPHRINE	7	17045	42948	20749320
DRUG_469:IDARUBICIN	2	1038	42948	20749320
DRUG_470:CHEMBL403741	0	0	42948	20749320
DRUG_471:CHEMBL505670	0	0	42948	20749320
DRUG_472:CRYPTOTANSHINONE	2	103	42948	20749320
DRUG_473:JUGLONE	0	138	42948	20749320
DRUG_474:O-DEMETHYLATED ADAPALENE	0	0	42948	20749320
DRUG_475:CHEMBL139935	0	0	42948	20749320
DRUG_476:EMODIN	4	588	42948	20749320
DRUG_477:MENADIONE	6	1447	42948	20749320
DRUG_478:CHEMBL580155	0	0	42948	20749320
DRUG_479:CHLOROTHALONIL	1	222	42948	20749320
DRUG_480:OLEOYL DOPAMINE	0	8	42948	20749320
DRUG_481:CHEMBL428789	0	0	42948	20749320
DRUG_482:INDIGOTINDISULFONATE	0	0	42948	20749320
DRUG_483:EPINEPHRINE BITARTRATE	0	18	42948	20749320
DRUG_484:SHIKONIN	2	164	42948	20749320
DRUG_485:CHEMBL607309	0	0	42948	20749320
DRUG_486:R-N-PROPYLNORAPOMORPHINE	0	3	42948	20749320
DRUG_487:CHEMBL1367933	0	0	42948	20749320
DRUG_488:NICLOSAMIDE	0	139	42948	20749320
DRUG_489:HEMATOXYLIN	48	6453	42948	20749320
DRUG_490:CHEMBL1510164	0	0	42948	20749320
DRUG_491:CHEMBL591628	0	0	42948	20749320
DRUG_492:OXITRIPTAN	0	3	42948	20749320
DRUG_493:ANGUSTIBALIN	0	0	42948	20749320
DRUG_494:RATANIAPHENOL II	0	0	42948	20749320
DRUG_495:CHEMBL2094422	0	0	42948	20749320
DRUG_496:(S)APOMORPHINE	0	10	42948	20749320
DRUG_497:DALBERGIONE, 4-METHOXY-4'-HYDROXY-	0	0	42948	20749320
DRUG_498:LUTEOLIN	12	739	42948	20749320
DRUG_499:CHEMBL56731	0	0	42948	20749320
DRUG_500:CHEMBL1320453	0	0	42948	20749320
DRUG_501:TRICLABENDAZOLE	0	216	42948	20749320
DRUG_502:BISANHYDRORUTILANTINONE	0	0	42948	20749320
DRUG_503:2,3-DIHYDROXY-4-METHOXY-4'-ETHOXYBENZOPHENONE	0	0	42948	20749320
DRUG_504:CHEMBL1379900	0	0	42948	20749320
DRUG_505:RALOXIFENE HYDROCHLORIDE	0	71	42948	20749320
DRUG_506:GEFITINIB	43	2013	42948	20749320
DRUG_507:PROTOAPIGENONE	1	4	42948	20749320
DRUG_508:DIHYDROERGOCRISTINE MESYLATE	0	2	42948	20749320
DRUG_509:ITRACONAZOLE	1	2967	42948	20749320
DRUG_510:12A-HYDROXY-5-DEOXYDEHYDROMUNDUSERONE	0	0	42948	20749320
DRUG_511:CARNOSIC ACID	0	92	42948	20749320
DRUG_512:HELIOMYCIN	0	39	42948	20749320
DRUG_513:CHEMBL1574420	0	0	42948	20749320
DRUG_514:3,4-DIMETHOXYDALBERGIONE	0	2	42948	20749320
DRUG_515:3-METHOXYCATECHOL	0	8	42948	20749320
DRUG_516:DOCEBENONE	0	0	42948	20749320
DRUG_517:PHENANTHROLINE	1	3502	42948	20749320
DRUG_518:ISOEUGENITOL	0	0	42948	20749320
DRUG_519:CYSTEAMINE HYDROCHLORIDE	0	27	42948	20749320
DRUG_520:MYRICETIN	3	395	42948	20749320
DRUG_521:CHEMBL39878	0	0	42948	20749320
DRUG_522:SR-2640	0	2	42948	20749320
DRUG_523:ISOVELLERAL	0	9	42948	20749320
DRUG_524:2,3,4-TRIHYDROXY-4'-ETHOXYBENZOPHENONE	0	0	42948	20749320
DRUG_525:CHEMBL580421	0	0	42948	20749320
DRUG_526:EMODIC ACID	0	5	42948	20749320
DRUG_527:CHEMBL227959	0	0	42948	20749320
DRUG_528:CHEMBL584458	0	0	42948	20749320
DRUG_529:PHENSERINE	0	42	42948	20749320
DRUG_530:CHEMBL600694	0	0	42948	20749320
DRUG_531:NORDIHYDROGUAIARETIC ACID	6	1392	42948	20749320
DRUG_532:FLUPIRTINE MALEATE	0	17	42948	20749320
DRUG_533:GRINIMIBINE	0	0	42948	20749320
DRUG_534:NOREPINEPHRINE	6	30713	42948	20749320
DRUG_535:CHEMBL605077	0	0	42948	20749320
DRUG_536:GOSURANEMAB	0	0	42948	20749320
DRUG_537:CHEMBL458094	0	0	42948	20749320
DRUG_538:DIHYDROXANTHOHUMOL	0	0	42948	20749320
DRUG_539:PANTOPRAZOLE	0	770	42948	20749320
DRUG_540:BITHIONOL	0	136	42948	20749320
DRUG_541:DICHLOROPHEN	0	32	42948	20749320
DRUG_542:CHEMBL578257	0	0	42948	20749320
DRUG_543:METHYLDOPA (RACEMIC)	0	0	42948	20749320
DRUG_544:CHEMBL527620	0	0	42948	20749320
DRUG_545:CHEMBL601618	0	0	42948	20749320
DRUG_546:PTEROSTILBENE	1	53	42948	20749320
DRUG_547:DEPHOSTATIN	0	30	42948	20749320
DRUG_548:QUINALIZARIN	0	14	42948	20749320
DRUG_549:FISETIN	7	167	42948	20749320
DRUG_550:TETROQUINONE	0	0	42948	20749320
DRUG_551:CAPSAZEPINE	4	619	42948	20749320
DRUG_552:PARAROSANILINE	0	65	42948	20749320
DRUG_553:CHEMBL328710	0	0	42948	20749320
DRUG_554:CHEMBL581574	0	0	42948	20749320
DRUG_555:OXYPHENBUTAZONE	0	391	42948	20749320
DRUG_556:GETIACAULEIN	0	0	42948	20749320
DRUG_557:DIHYDROGAMBOGIC ACID	0	0	42948	20749320
DRUG_558:TYRPHOSTIN A9	0	22	42948	20749320
DRUG_559:MECYSTEINE HYDROCHLORIDE	0	0	42948	20749320
DRUG_560:SLAZINIC ACID	0	0	42948	20749320
DRUG_561:CHEMBL609606	0	0	42948	20749320
DRUG_562:CHEMBL523200	0	0	42948	20749320
DRUG_563:CGP-53353	0	4	42948	20749320
DRUG_564:CHEMBL1543865	0	0	42948	20749320
DRUG_565:AMINOHIPPURIC ACID	0	656	42948	20749320
DRUG_566:CHEMBL591137	0	0	42948	20749320
DRUG_567:PLUMBAGIN	2	175	42948	20749320
DRUG_568:PURPURIN	0	74	42948	20749320
DRUG_569:ELLAGIC ACID	6	655	42948	20749320
DRUG_570:CHEMBL1588679	0	0	42948	20749320
DRUG_571:CHEMBL2181046	0	0	42948	20749320
DRUG_572:CHEMBL601192	0	0	42948	20749320
DRUG_573:DIHYDROERGOCRISTINE	0	110	42948	20749320
DRUG_574:HEXACHLOROPHENE	0	540	42948	20749320
DRUG_575:CHEMBL603952	0	0	42948	20749320
DRUG_576:CHEMBL515763	0	0	42948	20749320
DRUG_577:CARUBICIN	0	1	42948	20749320
DRUG_578:1,4-DIMETHOXYANTHRAQUINONE	0	0	42948	20749320
DRUG_579:CHEMBL582715	0	0	42948	20749320
DRUG_580:PROTOPORPHYRIN	13	4143	42948	20749320
DRUG_581:CEFACLOR	0	905	42948	20749320
DRUG_582:OXIDOPAMINE HYDROCHLORIDE	0	0	42948	20749320
DRUG_583:BISSALICYL FUMARATE	0	0	42948	20749320
DRUG_584:SULFASALAZINE	3	1531	42948	20749320
DRUG_585:DIHYDROERGOTAMINE MESYLATE	0	32	42948	20749320
DRUG_586:ACITRETIN	0	549	42948	20749320
DRUG_587:TYRPHOSTIN 1	0	15	42948	20749320
DRUG_588:MACLURAXANTHONE	0	5	42948	20749320
DRUG_589:TYRPHOSTIN 51	0	29	42948	20749320
DRUG_590:NORSTICTIC ACID	0	2	42948	20749320
DRUG_591:CHEMBL2181041	0	0	42948	20749320
DRUG_592:CHELERYTHRINE CHLORIDE	1	252	42948	20749320
DRUG_593:CARBIDOPA	0	1139	42948	20749320
DRUG_594:RALOXIFENE	20	1777	42948	20749320
DRUG_595:MAHANIMBINE	0	5	42948	20749320
DRUG_596:CHEMBL1334191	0	0	42948	20749320
DRUG_597:CHEMBL601110	0	0	42948	20749320
DRUG_598:CONGO RED	0	1595	42948	20749320
DRUG_599:CHEMBL234338	0	0	42948	20749320
DRUG_600:CHEMBL1534034	0	0	42948	20749320
DRUG_601:CHEMBL314639	0	0	42948	20749320
DRUG_602:NITAZOXANIDE	0	178	42948	20749320
DRUG_603:CHEMBL85194	0	0	42948	20749320
DRUG_604:ACID BLUE 129	0	4	42948	20749320
DRUG_605:CHEMBL578741	0	0	42948	20749320
DRUG_606:BITHIONOLATE SODIUM	0	0	42948	20749320
DRUG_607:CHEMBL601605	0	0	42948	20749320
DRUG_608:ELLIPTECINE	0	0	42948	20749320
DRUG_609:IODOPHTHALEIN	0	3	42948	20749320
DRUG_610:APOMORPHINE	1	5775	42948	20749320
DRUG_611:CHEMBL1402376	0	0	42948	20749320
DRUG_612:MESNA	3	789	42948	20749320
DRUG_613:PROPRANOLOL	1	17761	42948	20749320
DRUG_614:NEBIVOLOL	0	443	42948	20749320
DRUG_615:ISOPROTERENOL HYDROCHLORIDE	0	47	42948	20749320
DRUG_616:ISOPROTERENOL	7	12580	42948	20749320
DRUG_617:CARTEOLOL	0	283	42948	20749320
DRUG_618:PENBUTOLOL SULFATE	0	2	42948	20749320
DRUG_619:NEBIVOLOL HYDROCHLORIDE	0	9	42948	20749320
DRUG_620:NADOLOL	0	677	42948	20749320
DRUG_621:SOLABEGRON	0	3	42948	20749320
DRUG_622:ARFORMOTEROL	0	20	42948	20749320
DRUG_623:DROXIDOPA	0	22	42948	20749320
DRUG_624:BETAXOLOL HYDROCHLORIDE	0	28	42948	20749320
DRUG_625:PRACTOLOL	0	823	42948	20749320
DRUG_626:ATENOLOL	0	3934	42948	20749320
DRUG_627:TIMOLOL	1	2481	42948	20749320
DRUG_628:DOBUTAMINE	1	5238	42948	20749320
DRUG_629:HYDROXYAMPHETAMINE HYDROBROMIDE	0	5	42948	20749320
DRUG_630:BETAXOLOL	0	541	42948	20749320
DRUG_631:LEVOBUNOLOL	0	130	42948	20749320
DRUG_632:PINDOLOL	0	1734	42948	20749320
DRUG_633:DIPIVEFRIN HYDROCHLORIDE	0	8	42948	20749320
DRUG_634:PROPRANOLOL HYDROCHLORIDE	0	258	42948	20749320
DRUG_635:OXPRENOLOL HYDROCHLORIDE	0	11	42948	20749320
DRUG_636:SOTALOL	0	1682	42948	20749320
DRUG_637:ESMOLOL	0	675	42948	20749320
DRUG_638:METIPRANOLOL	0	149	42948	20749320
DRUG_639:ACEBUTOLOL	0	655	42948	20749320
DRUG_640:LABETALOL HYDROCHLORIDE	0	18	42948	20749320
DRUG_641:CICLOPROLOL	0	13	42948	20749320
DRUG_642:DOBUTAMINE HYDROCHLORIDE	0	37	42948	20749320
DRUG_643:SOTALOL HYDROCHLORIDE	0	18	42948	20749320
DRUG_644:BUPRANOLOL	0	156	42948	20749320
DRUG_645:CARVEDILOL	0	1706	42948	20749320
DRUG_646:LY377604	0	0	42948	20749320
DRUG_647:ALPRENOLOL	0	566	42948	20749320
DRUG_648:LABETALOL	0	1302	42948	20749320
DRUG_649:METOPROLOL	0	3642	42948	20749320
DRUG_650:PROPAFENONE HYDROCHLORIDE	0	21	42948	20749320
DRUG_651:MIRABEGRON	0	2	42948	20749320
DRUG_652:NOREPINEPHRINE BITARTRATE	0	14	42948	20749320
DRUG_653:ABEDITEROL	0	0	42948	20749320
DRUG_654:LEVOBETAXOLOL HYDROCHLORIDE	0	1	42948	20749320
DRUG_655:ACEBUTOLOL HYDROCHLORIDE	0	12	42948	20749320
DRUG_656:BISOPROLOL	0	658	42948	20749320
DRUG_657:ISOETHARINE	0	68	42948	20749320
DRUG_658:DOPAMINE HYDROCHLORIDE	0	87	42948	20749320
DRUG_659:TIMOLOL MALEATE	1	399	42948	20749320
DRUG_660:BUFURALOL	0	194	42948	20749320
DRUG_661:LEVOBUNOLOL HYDROCHLORIDE	0	14	42948	20749320
DRUG_662:BEVANTOLOL	0	67	42948	20749320
DRUG_663:CELIPROLOL	0	369	42948	20749320
DRUG_664:XAMOTEROL	0	202	42948	20749320
DRUG_665:ARBUTAMINE	0	42	42948	20749320
DRUG_666:BISOPROLOL FUMARATE	0	14	42948	20749320
DRUG_667:METIPRANOLOL HYDROCHLORIDE	0	0	42948	20749320
DRUG_668:AMIODARONE	2	5600	42948	20749320
DRUG_669:PROPAFENONE	0	1050	42948	20749320
DRUG_670:METOPROLOL SUCCINATE	0	95	42948	20749320
DRUG_671:CARVEDILOL PHOSPHATE	0	3	42948	20749320
DRUG_672:BETHANIDINE	0	94	42948	20749320
DRUG_673:DENOPAMINE	0	96	42948	20749320
DRUG_674:ESMOLOL HYDROCHLORIDE	0	20	42948	20749320
DRUG_675:MEPHENTERMINE SULFATE	0	9	42948	20749320
DRUG_676:LEVOBETAXOLOL	0	10	42948	20749320
DRUG_677:PRENALTEROL	0	253	42948	20749320
DRUG_678:CARTEOLOL HYDROCHLORIDE	0	43	42948	20749320
DRUG_679:OXPRENOLOL	0	654	42948	20749320
DRUG_680:PENBUTOLOL	0	176	42948	20749320
DRUG_681:DRONEDARONE	0	171	42948	20749320
DRUG_682:SALMETEROL	0	1414	42948	20749320
DRUG_683:DOPAMINE	5	67120	42948	20749320
DRUG_684:BUCINDOLOL	0	94	42948	20749320
DRUG_685:DIPIVEFRIN	0	68	42948	20749320
DRUG_686:HYDROCHLOROTHIAZIDE	0	3605	42948	20749320
DRUG_687:DICHLOROISOPROTERENOL	0	68	42948	20749320
DRUG_688:CHEMBL111201	0	0	42948	20749320
DRUG_689:DIGOXIN	3	7190	42948	20749320
DRUG_690:MEPINDOLOL	0	68	42948	20749320
DRUG_691:SPIRONOLACTONE	5	2834	42948	20749320
DRUG_692:TERTATOLOL	0	128	42948	20749320
DRUG_693:BUNOLOL	0	36	42948	20749320
DRUG_694:BUNITROLOL	0	75	42948	20749320
DRUG_695:MURAGLITAZAR	0	43	42948	20749320
DRUG_696:BRETYLIUM	0	677	42948	20749320
DRUG_697:BUDIODARONE	0	1	42948	20749320
DRUG_698:ANISODAMINE	0	205	42948	20749320
DRUG_699:ZIPRASIDONE	0	774	42948	20749320
DRUG_700:RIMONABANT	1	565	42948	20749320
DRUG_701:IRINOTECAN	12	3624	42948	20749320
DRUG_702:ZIDOVUDINE	4	5193	42948	20749320
DRUG_703:CYCLOPHOSPHAMIDE	71	25390	42948	20749320
DRUG_704:CYTARABINE	6	2938	42948	20749320
DRUG_705:FLUOROURACIL	91	19655	42948	20749320
DRUG_706:CEPHALEXIN	0	1207	42948	20749320
DRUG_707:CEFTRIAXONE	0	3608	42948	20749320
DRUG_708:LAMIVUDINE	1	4514	42948	20749320
DRUG_709:CEFOPERAZONE	1	1181	42948	20749320
DRUG_710:VALGANCICLOVIR	1	353	42948	20749320
DRUG_711:CEFUROXIME	0	1797	42948	20749320
DRUG_712:DOXORUBICIN	201	16519	42948	20749320
DRUG_713:CEFAMANDOLE	0	689	42948	20749320
DRUG_714:RUCAPARIB	0	0	42948	20749320
DRUG_715:IMATINIB	41	5084	42948	20749320
DRUG_716:CEFMETAZOLE	0	406	42948	20749320
DRUG_717:AZATHIOPRINE	4	6985	42948	20749320
DRUG_718:CEPHRADINE	0	333	42948	20749320
DRUG_719:THIOGUANINE	0	2074	42948	20749320
DRUG_720:FUROSEMIDE	1	6303	42948	20749320
DRUG_721:LEUCOVORIN	7	3361	42948	20749320
DRUG_722:CEFOXITIN	0	1631	42948	20749320
DRUG_723:LATANOPROST	1	1009	42948	20749320
DRUG_724:GANCICLOVIR	42	4229	42948	20749320
DRUG_725:LOSARTAN	5	4950	42948	20749320
DRUG_726:IRBESARTAN	3	898	42948	20749320
DRUG_727:AZILSARTAN KAMEDOXOMIL	0	0	42948	20749320
DRUG_728:EPROSARTAN	0	220	42948	20749320
DRUG_729:VALSARTAN	3	1443	42948	20749320
DRUG_730:OLMESARTAN	2	503	42948	20749320
DRUG_731:CANDESARTAN	5	1553	42948	20749320
DRUG_732:SAPRISARTAN	0	2	42948	20749320
DRUG_733:TASOSARTAN	0	12	42948	20749320
DRUG_734:SPARSENTAN	0	0	42948	20749320
DRUG_735:FORASARTAN	0	1	42948	20749320
DRUG_736:TELMISARTAN	4	848	42948	20749320
DRUG_737:EPROSARTAN MESYLATE	0	7	42948	20749320
DRUG_738:CANDESARTAN CILEXETIL	0	391	42948	20749320
DRUG_739:PRATOSARTAN	0	4	42948	20749320
DRUG_740:SARALASIN ACETATE	0	14	42948	20749320
DRUG_741:AZILSARTAN	0	0	42948	20749320
DRUG_742:OLMESARTAN MEDOXOMIL	1	198	42948	20749320
DRUG_743:LOSARTAN POTASSIUM	0	117	42948	20749320
DRUG_744:CHEMBL1972216	0	0	42948	20749320
DRUG_745:CHEMBL1492017	0	0	42948	20749320
DRUG_746:CHEMBL125044	0	0	42948	20749320
DRUG_747:CHEMBL421088	0	0	42948	20749320
DRUG_748:IDOXIFENE	0	55	42948	20749320
DRUG_749:CAPTOPRIL	2	8139	42948	20749320
DRUG_750:CHEMBL2094484	0	0	42948	20749320
DRUG_751:CHEMBL400912	0	0	42948	20749320
DRUG_752:PERINDOPRIL	0	1188	42948	20749320
DRUG_753:LEVODOPA	1	5481	42948	20749320
DRUG_754:CHEMBL528694	0	0	42948	20749320
DRUG_755:CHEMBL347610	0	0	42948	20749320
DRUG_756:DISULFIRAM	4	1746	42948	20749320
DRUG_757:CYCLOSPORINE	10	18004	42948	20749320
DRUG_758:AZILSARTAN MEDOXOMIL	0	0	42948	20749320
DRUG_759:CL-329167	0	1	42948	20749320
DRUG_760:SARALASIN	0	925	42948	20749320
DRUG_761:CHEMBL586135	0	0	42948	20749320
DRUG_762:DEXAMETHASONE	128	29326	42948	20749320
DRUG_763:CHEMBL261693	0	0	42948	20749320
DRUG_764:INDOMETHACIN	18	22619	42948	20749320
DRUG_765:ATORVASTATIN	7	3360	42948	20749320
DRUG_766:NITRENDIPINE	0	1677	42948	20749320
DRUG_767:CHEMBL591834	0	0	42948	20749320
DRUG_768:CHEMBL1445650	0	0	42948	20749320
DRUG_769:DULOXETINE	1	779	42948	20749320
DRUG_770:GUANIDINE HYDROCHLORIDE	0	1836	42948	20749320
DRUG_771:TEDISAMIL	0	82	42948	20749320
DRUG_772:NERISPIRDINE	0	1	42948	20749320
DRUG_773:DALFAMPRIDINE	0	11	42948	20749320
DRUG_774:ISOTRETINOIN	2	1503	42948	20749320
DRUG_775:ETHOXZOLAMIDE	1	94	42948	20749320
DRUG_776:ACETAZOLAMIDE	2	3305	42948	20749320
DRUG_777:TEZAMPANEL	0	2	42948	20749320
DRUG_778:TOPIRAMATE	0	1949	42948	20749320
DRUG_779:DASOLAMPANEL	0	0	42948	20749320
DRUG_780:SELURAMPANEL	0	0	42948	20749320
DRUG_781:LATREPIRDINE	0	5	42948	20749320
DRUG_782:ORPHENADRINE	0	274	42948	20749320
DRUG_783:NERAMEXANE	0	18	42948	20749320
DRUG_784:MEMANTINE	1	1213	42948	20749320
DRUG_785:INDANTADOL	0	1	42948	20749320
DRUG_786:NERAMEXANE MESYLATE	0	0	42948	20749320
DRUG_787:ORPHENADRINE CITRATE	0	38	42948	20749320
DRUG_788:CNS-5161	0	3	42948	20749320
DRUG_789:LANICEMINE	0	0	42948	20749320
DRUG_790:ACAMPROSATE CALCIUM	0	18	42948	20749320
DRUG_791:FELBAMATE	0	449	42948	20749320
DRUG_792:DEXTROMETHORPHAN	0	1373	42948	20749320
DRUG_793:KETAMINE	2	8079	42948	20749320
DRUG_794:ESKETAMINE	0	1	42948	20749320
DRUG_795:AZD8108	0	0	42948	20749320
DRUG_796:DEXANABINOL	0	33	42948	20749320
DRUG_797:ACAMPROSATE	0	300	42948	20749320
DRUG_798:ESKETAMINE HYDROCHLORIDE	0	0	42948	20749320
DRUG_799:RALFINAMIDE	0	5	42948	20749320
DRUG_800:DELUCEMINE	0	0	42948	20749320
DRUG_801:AV-101	0	0	42948	20749320
DRUG_802:MEMANTINE HYDROCHLORIDE	0	8	42948	20749320
DRUG_803:KETAMINE HYDROCHLORIDE	0	324	42948	20749320
DRUG_804:APIMOSTINEL	0	0	42948	20749320
DRUG_805:ORPHENADRINE HYDROCHLORIDE	0	19	42948	20749320
DRUG_806:AMANTADINE HYDROCHLORIDE	0	177	42948	20749320
DRUG_807:NEBOGLAMINE	0	1	42948	20749320
DRUG_808:GW468816	0	1	42948	20749320
DRUG_809:RAPASTINEL	0	0	42948	20749320
DRUG_810:APAMIN	1	1809	42948	20749320
DRUG_811:DEQUALINIUM	1	135	42948	20749320
DRUG_812:SODIUM CHLORIDE	0	6483	42948	20749320
DRUG_813:TACROLIMUS	2	6866	42948	20749320
DRUG_814:VOCLOSPORIN	0	5	42948	20749320
DRUG_815:PIMECROLIMUS	1	429	42948	20749320
DRUG_816:NAFAMOSTAT	0	296	42948	20749320
DRUG_817:CAMOSTAT	0	96	42948	20749320
DRUG_818:CITALOPRAM	0	2467	42948	20749320
DRUG_819:ASPIRIN	72	22526	42948	20749320
DRUG_820:FINASTERIDE	256	1294	42948	20749320
DRUG_821:DUTASTERIDE	79	230	42948	20749320
DRUG_822:VANDORTUZUMAB VEDOTIN	0	0	42948	20749320
DRUG_823:DIAZOXIDE	1	1771	42948	20749320
DRUG_824:CHLORPROMAZINE	1	8211	42948	20749320
DRUG_825:CARBENOXOLONE	1	710	42948	20749320
DRUG_826:OCTANOL	1	2720	42948	20749320
DRUG_827:VARESPLADIB	0	10	42948	20749320
DRUG_828:VARESPLADIB METHYL	0	4	42948	20749320
DRUG_829:TRETINOIN	0	669	42948	20749320
DRUG_830:PHLORETIN	0	626	42948	20749320
DRUG_831:SOR-C13	0	0	42948	20749320
DRUG_832:E324	0	3	42948	20749320
DRUG_833:DIENESTROL	0	125	42948	20749320
DRUG_834:N,N'-DIPHENYL-P-PHENYLENEDIAMINE	0	112	42948	20749320
DRUG_835:TYRPHOSTIN AG 879	0	3	42948	20749320
DRUG_836:DIHYDROXIDINE	0	0	42948	20749320
DRUG_837:PSEUDOEPHEDRINE	0	712	42948	20749320
DRUG_838:CHEMBL220845	0	0	42948	20749320
DRUG_839:RHODOMYRTOXIN B	0	0	42948	20749320
DRUG_840:MERCURIC CHLORIDE	1	1508	42948	20749320
DRUG_841:PHENYLMERCURIC ACETATE	0	111	42948	20749320
DRUG_842:DIPYRONE SODIUM	0	2	42948	20749320
DRUG_843:THIMEROSAL	0	636	42948	20749320
DRUG_844:MESO-HEXESTROL	0	9	42948	20749320
DRUG_845:CHEMBL238624	0	0	42948	20749320
DRUG_846:4-CHLOROMERCURIBENZOIC ACID	0	3	42948	20749320
DRUG_847:CHEMBL154580	0	0	42948	20749320
DRUG_848:CHEMBL601616	0	0	42948	20749320
DRUG_849:DIPYRIDAMOLE	1	4963	42948	20749320
DRUG_850:CHEMBL1091971	0	0	42948	20749320
DRUG_851:CHEMBL1448292	0	0	42948	20749320
DRUG_852:ARACHIDONOYL GLYCINE	0	16	42948	20749320
DRUG_853:HINOKITIOL	0	62	42948	20749320
DRUG_854:TROGLITAZONE	13	1596	42948	20749320
DRUG_855:CHEMBL169233	0	0	42948	20749320
DRUG_856:CHEMBL602807	0	0	42948	20749320
DRUG_857:EBSELEN	2	568	42948	20749320
DRUG_858:FENTICLOR	0	9	42948	20749320
DRUG_859:PYRITHIONE ZINC	0	50	42948	20749320
DRUG_860:IBUPROFEN	25	5802	42948	20749320
DRUG_861:GALUNISERTIB	0	0	42948	20749320
DRUG_862:RIFAMPIN	0	3410	42948	20749320
DRUG_863:THROMBIN	35	24343	42948	20749320
DRUG_864:ALTEPLASE	0	664	42948	20749320
DRUG_865:MEDROXYPROGESTERONE ACETATE	10	3341	42948	20749320
DRUG_866:CHEMBL581225	0	0	42948	20749320
DRUG_867:DOFETILIDE	0	441	42948	20749320
DRUG_868:AZD1305	0	6	42948	20749320
DRUG_869:CHEMBL146525	0	0	42948	20749320
DRUG_870:IDARUBICIN HYDROCHLORIDE	0	10	42948	20749320
DRUG_871:MITONAFIDE	0	23	42948	20749320
DRUG_872:N-ACETYLASPARTIC ACID	0	59	42948	20749320
DRUG_873:PERGOLIDE MESYLATE	0	57	42948	20749320
DRUG_874:AZD7009	0	11	42948	20749320
DRUG_875:AMIODARONE HYDROCHLORIDE	0	63	42948	20749320
DRUG_876:PF-04457845	0	0	42948	20749320
DRUG_877:ACETAMINOPHEN	7	6142	42948	20749320
DRUG_878:CHEMBL1915783	0	0	42948	20749320
DRUG_879:PROPOFOL	2	9628	42948	20749320
DRUG_880:URB-597	0	13	42948	20749320
DRUG_881:RISPERIDONE	0	4017	42948	20749320
DRUG_882:CHEMBL560590	0	0	42948	20749320
DRUG_883:CHEMBL367966	0	0	42948	20749320
DRUG_884:PHENMEDIPHAM	0	26	42948	20749320
DRUG_885:JNJ-42165279	0	0	42948	20749320
DRUG_886:THIOPENTAL	0	2650	42948	20749320
DRUG_887:DRONABINOL	0	104	42948	20749320
DRUG_888:METHAMPHETAMINE	0	5095	42948	20749320
DRUG_889:QUETIAPINE	0	1675	42948	20749320
DRUG_890:ARIPIPRAZOLE	1	1147	42948	20749320
DRUG_891:NABIXIMOLS	0	2	42948	20749320
DRUG_892:GLPG-0974	0	0	42948	20749320
DRUG_893:OXAZEPAM	0	780	42948	20749320
DRUG_894:CLOTIAZEPAM	0	39	42948	20749320
DRUG_895:CHLORDIAZEPOXIDE	0	1905	42948	20749320
DRUG_896:QUAZEPAM	0	95	42948	20749320
DRUG_897:CLORAZEPIC ACID	0	0	42948	20749320
DRUG_898:ADINAZOLAM	0	78	42948	20749320
DRUG_899:PRAZEPAM	0	123	42948	20749320
DRUG_900:CLONAZEPAM	0	1752	42948	20749320
DRUG_901:FLURAZEPAM	0	560	42948	20749320
DRUG_902:ESZOPICLONE	0	76	42948	20749320
DRUG_903:TRIAZOLAM	0	972	42948	20749320
DRUG_904:NITRAZEPAM	0	562	42948	20749320
DRUG_905:THIAMYLAL	0	343	42948	20749320
DRUG_906:CHLORDIAZEPOXIDE HYDROCHLORIDE	0	40	42948	20749320
DRUG_907:REMIMAZOLAM	0	1	42948	20749320
DRUG_908:MIDAZOLAM	4	5944	42948	20749320
DRUG_909:FLUMAZENIL	0	1794	42948	20749320
DRUG_910:ESTAZOLAM	0	94	42948	20749320
DRUG_911:TEMAZEPAM	0	499	42948	20749320
DRUG_912:LORAZEPAM	2	1890	42948	20749320
DRUG_913:ETOMIDATE	1	1406	42948	20749320
DRUG_914:SEVOFLURANE	0	3832	42948	20749320
DRUG_915:MEPROBAMATE	0	1027	42948	20749320
DRUG_916:BUTABARBITAL SODIUM	0	5	42948	20749320
DRUG_917:ENFLURANE	0	2013	42948	20749320
DRUG_918:TALBUTAL	0	1	42948	20749320
DRUG_919:PF-06372865	0	0	42948	20749320
DRUG_920:BUTALBITAL	0	52	42948	20749320
DRUG_921:PRIMIDONE	0	606	42948	20749320
DRUG_922:ISOFLURANE	0	6651	42948	20749320
DRUG_923:SARIPIDEM	0	0	42948	20749320
DRUG_924:HALAZEPAM	0	36	42948	20749320
DRUG_925:ZOLPIDEM	0	1044	42948	20749320
DRUG_926:PENTOBARBITAL SODIUM	0	837	42948	20749320
DRUG_927:SECOBARBITAL SODIUM	0	10	42948	20749320
DRUG_928:STIRIPENTOL	0	82	42948	20749320
DRUG_929:BENTAZEPAM	0	14	42948	20749320
DRUG_930:DIAZEPAM	4	11055	42948	20749320
DRUG_931:DESFLURANE	0	1123	42948	20749320
DRUG_932:METHARBITAL	0	17	42948	20749320
DRUG_933:PAGOCLONE	0	10	42948	20749320
DRUG_934:FLUDIAZEPAM	0	14	42948	20749320
DRUG_935:THIOPENTAL SODIUM	0	267	42948	20749320
DRUG_936:ADIPIPLON	0	0	42948	20749320
DRUG_937:THIAMYLAL SODIUM	0	49	42948	20749320
DRUG_938:OCINAPLON	0	6	42948	20749320
DRUG_939:BROMAZEPAM	0	296	42948	20749320
DRUG_940:ETHCHLORVYNOL	0	146	42948	20749320
DRUG_941:CINOLAZEPAM	0	3	42948	20749320
DRUG_942:METHOXYFLURANE	0	966	42948	20749320
DRUG_943:PENTOBARBITAL	1	8051	42948	20749320
DRUG_944:CLOBAZAM	0	390	42948	20749320
DRUG_945:LOREDIPLON	0	0	42948	20749320
DRUG_946:ETAZOLATE	0	30	42948	20749320
DRUG_947:AZD-3043	0	0	42948	20749320
DRUG_948:MIDAZOLAM HYDROCHLORIDE	0	39	42948	20749320
DRUG_949:RESEQUINIL	0	0	42948	20749320
DRUG_950:METHOHEXITAL SODIUM	0	43	42948	20749320
DRUG_951:GANAXOLONE	0	43	42948	20749320
DRUG_952:HALOTHANE	0	10291	42948	20749320
DRUG_953:PICROTOXIN	1	2886	42948	20749320
DRUG_954:TRICLOFOS SODIUM	0	8	42948	20749320
DRUG_955:CLOMETHIAZOLE	0	123	42948	20749320
DRUG_956:ALPRAZOLAM	1	1316	42948	20749320
DRUG_957:AZIETOMIDATE	0	4	42948	20749320
DRUG_958:GLUTETHIMIDE	1	338	42948	20749320
DRUG_959:MEBUTAMATE	0	96	42948	20749320
DRUG_960:BREXANOLONE	0	0	42948	20749320
DRUG_961:CLORAZEPATE DIPOTASSIUM	0	48	42948	20749320
DRUG_962:METHYPRYLON	0	72	42948	20749320
DRUG_963:EPOETIN ALFA	1	669	42948	20749320
DRUG_964:FASUDIL	0	299	42948	20749320
DRUG_965:AZACITIDINE	5	192	42948	20749320
DRUG_966:NITROGLYCERIN	0	6307	42948	20749320
DRUG_967:SODIUM NITROPRUSSIDE	6	8691	42948	20749320
DRUG_968:NITRIC OXIDE	80	80983	42948	20749320
DRUG_969:ISOSORBIDE DINITRATE	1	1757	42948	20749320
DRUG_970:ISOSORBIDE MONONITRATE	0	207	42948	20749320
DRUG_971:RIOCIGUAT	0	11	42948	20749320
DRUG_972:BENRALIZUMAB	0	2	42948	20749320
DRUG_973:CYCLOPENTYL PALMITATE	0	0	42948	20749320
DRUG_974:TM30339	0	0	42948	20749320
DRUG_975:OBINEPITIDE	0	0	42948	20749320
DRUG_976:PEPTIDE YY HUMAN (3-36)	0	0	42948	20749320
DRUG_977:NALMEFENE	0	152	42948	20749320
DRUG_978:ALVIMOPAN	0	68	42948	20749320
DRUG_979:COCAINE	0	19742	42948	20749320
DRUG_980:LEVALLORPHAN TARTRATE	0	17	42948	20749320
DRUG_981:DAMGO	0	948	42948	20749320
DRUG_982:SALVINORIN A	0	104	42948	20749320
DRUG_983:NALORPHINE	0	358	42948	20749320
DRUG_984:MEPERIDINE	0	1480	42948	20749320
DRUG_985:ETONITAZENE	0	51	42948	20749320
DRUG_986:HYDROMORPHONE	0	529	42948	20749320
DRUG_987:PENTAZOCINE	0	1456	42948	20749320
DRUG_988:CODEINE POLISTIREX	0	0	42948	20749320
DRUG_989:NALTREXONE HYDROCHLORIDE	0	51	42948	20749320
DRUG_990:CODEINE	0	2181	42948	20749320
DRUG_991:NALBUPHINE	0	529	42948	20749320
DRUG_992:TRAMADOL	0	1707	42948	20749320
DRUG_993:CHEMBL570176	0	0	42948	20749320
DRUG_994:ASIMADOLINE	0	28	42948	20749320
DRUG_995:MORPHINE	11	27664	42948	20749320
DRUG_996:DIFELIKEFALIN	0	0	42948	20749320
DRUG_997:SIROLIMUS	2	3426	42948	20749320
DRUG_998:CHEMBL428064	0	0	42948	20749320
DRUG_999:12-EPI-SALVINORIN A	0	1	42948	20749320
DRUG_1000:ANILERIDINE HYDROCHLORIDE	0	2	42948	20749320
DRUG_1001:CODEINE PHOSPHATE	0	165	42948	20749320
DRUG_1002:ENADOLINE	0	46	42948	20749320
DRUG_1003:HYDROCODONE	0	222	42948	20749320
DRUG_1004:SUFENTANIL	1	1413	42948	20749320
DRUG_1005:ATICAPRANT	0	0	42948	20749320
DRUG_1006:CARFENTANIL	0	102	42948	20749320
DRUG_1007:NALFURAFINE	0	15	42948	20749320
DRUG_1008:OXYCODONE	1	753	42948	20749320
DRUG_1009:ADL-5747	0	0	42948	20749320
DRUG_1010:U-50488 METHANE SULFONATE	0	0	42948	20749320
DRUG_1011:TIFLUADOM	0	60	42948	20749320
DRUG_1012:BUTORPHANOL	0	746	42948	20749320
DRUG_1013:NORBINALTORPHIMINE	0	191	42948	20749320
DRUG_1014:HYDROCODONE POLISTIREX	0	0	42948	20749320
DRUG_1015:CHEMBL546170	0	0	42948	20749320
DRUG_1016:AXOMADOL	0	0	42948	20749320
DRUG_1017:METHADONE	0	6695	42948	20749320
DRUG_1018:BUPRENORPHINE	0	2569	42948	20749320
DRUG_1019:NALTRIBEN	0	110	42948	20749320
DRUG_1020:DEZOCINE	0	50	42948	20749320
DRUG_1021:CLIOQUINOL	2	291	42948	20749320
DRUG_1022:SAMIDORPHAN	0	0	42948	20749320
DRUG_1023:CHEMBL1941031	0	0	42948	20749320
DRUG_1024:BNTX	0	64	42948	20749320
DRUG_1025:NALTREXONE	0	3149	42948	20749320
DRUG_1026:CHEMBL300662	0	0	42948	20749320
DRUG_1027:QUADAZOCINE	0	25	42948	20749320
DRUG_1028:BUPRENORPHINE HYDROCHLORIDE	0	32	42948	20749320
DRUG_1029:ETHYLKETOCYCLAZOCINE	1	292	42948	20749320
DRUG_1030:NALOXONE	2	11908	42948	20749320
DRUG_1031:NALTRINDOLE	0	687	42948	20749320
DRUG_1032:CHEMBL442577	0	0	42948	20749320
DRUG_1033:PROPOXYPHENE	0	575	42948	20749320
DRUG_1034:FENTANYL	2	8128	42948	20749320
DRUG_1035:ALCOHOL	161	95402	42948	20749320
DRUG_1036:METHYLNALTREXONE	1	124	42948	20749320
DRUG_1037:NALMEFENE HYDROCHLORIDE	0	7	42948	20749320
DRUG_1038:CHEMBL2094567	0	0	42948	20749320
DRUG_1039:U-69593	0	77	42948	20749320
DRUG_1040:NORMORPHINE	0	157	42948	20749320
DRUG_1041:NALFURAFINE HYDROCHLORIDE	0	6	42948	20749320
DRUG_1042:DIHYDROMORPHINE	0	151	42948	20749320
DRUG_1043:ETORPHINE	0	429	42948	20749320
DRUG_1044:NIRAVOLINE	0	11	42948	20749320
DRUG_1045:ODELEPRAN	0	0	42948	20749320
DRUG_1046:BENZHYDROCODONE HYDROCHLORIDE	0	0	42948	20749320
DRUG_1047:OXYMORPHONE HYDROCHLORIDE	0	13	42948	20749320
DRUG_1048:HYDROCODONE BITARTRATE	0	14	42948	20749320
DRUG_1049:CHLOROXINE	0	6	42948	20749320
DRUG_1050:DIPRENORPHINE	0	279	42948	20749320
DRUG_1051:CHEMBL255067	0	0	42948	20749320
DRUG_1052:CODEINE SULFATE	0	16	42948	20749320
DRUG_1053:CHEMBL433508	0	0	42948	20749320
DRUG_1054:ANILERIDINE PHOSPHATE	0	1	42948	20749320
DRUG_1055:BUTORPHANOL TARTRATE	0	84	42948	20749320
DRUG_1056:DIACETYLMORPHINE	0	108	42948	20749320
DRUG_1057:ZYKLOPHIN	0	2	42948	20749320
DRUG_1058:NALBUPHINE HYDROCHLORIDE	0	31	42948	20749320
DRUG_1059:NALOXONE HYDROCHLORIDE	0	132	42948	20749320
DRUG_1060:APADOLINE	0	0	42948	20749320
DRUG_1061:CEBRANOPADOL	0	0	42948	20749320
DRUG_1062:GLUTACONATE	0	16	42948	20749320
DRUG_1063:MALEIC ACID	1	511	42948	20749320
DRUG_1064:MALONIC ACID	0	340	42948	20749320
DRUG_1065:TADALAFIL	8	618	42948	20749320
DRUG_1066:PENTOXIFYLLINE	2	2807	42948	20749320
DRUG_1067:ZAPRINAST	0	567	42948	20749320
DRUG_1068:HEPARIN	72	43592	42948	20749320
DRUG_1069:GENTAMICIN	1	10311	42948	20749320
DRUG_1070:PIROXICAM	5	1930	42948	20749320
DRUG_1071:CORTISONE	7	12265	42948	20749320
DRUG_1072:DARAPLADIB	0	17	42948	20749320
DRUG_1073:RILAPLADIB	0	0	42948	20749320
DRUG_1074:EPOETIN BETA	2	222	42948	20749320
DRUG_1075:NEOMYCIN	23	5200	42948	20749320
DRUG_1076:ASG-5ME	0	0	42948	20749320
DRUG_1077:ADENOSINE DIPHOSPHATE	10	4087	42948	20749320
DRUG_1078:ADENOSINE	54	62825	42948	20749320
DRUG_1079:SPERMINE	32	4405	42948	20749320
DRUG_1080:ADENOSINE TRIPHOSPHATE	7	9049	42948	20749320
DRUG_1081:TESTOSTERONE	1315	39547	42948	20749320
DRUG_1082:VASOACTIVE INTESTINAL PEPTIDE	26	5370	42948	20749320
DRUG_1083:SECRETIN	0	4589	42948	20749320
DRUG_1084:ALDESLEUKIN	1	36	42948	20749320
DRUG_1085:TOSEDOSTAT	0	3	42948	20749320
DRUG_1086:ANTAQ	0	1	42948	20749320
DRUG_1087:AVATROMBOPAG	0	0	42948	20749320
DRUG_1088:LUSUTROMBOPAG	0	0	42948	20749320
DRUG_1089:WARFARIN	20	8736	42948	20749320
DRUG_1090:ESTRADIOL	310	42753	42948	20749320
DRUG_1091:ROQUINIMEX	1	28	42948	20749320
DRUG_1092:INSULIN	681	177924	42948	20749320
DRUG_1093:LITHIUM	5	18402	42948	20749320
DRUG_1094:MIRTAZAPINE	0	887	42948	20749320
DRUG_1095:PALIPERIDONE	0	132	42948	20749320
DRUG_1096:AMISULPRIDE	0	432	42948	20749320
DRUG_1097:RIGOSERTIB SODIUM	0	0	42948	20749320
DRUG_1098:ATOPAXAR	0	3	42948	20749320
DRUG_1099:VORAPAXAR SULFATE	0	0	42948	20749320
DRUG_1100:VORAPAXAR	0	8	42948	20749320
DRUG_1101:BLEOMYCIN	6	8270	42948	20749320
DRUG_1102:DALTEPARIN	0	554	42948	20749320
DRUG_1103:THALIDOMIDE	57	4280	42948	20749320
DRUG_1104:ARGATROBAN	0	631	42948	20749320
DRUG_1105:LEPIRUDIN	0	302	42948	20749320
DRUG_1106:RUSALATIDE	0	1	42948	20749320
DRUG_1107:ARSENIC TRIOXIDE	8	1510	42948	20749320
DRUG_1108:FOTEMUSTINE	0	207	42948	20749320
DRUG_1109:SPERMIDINE	18	3799	42948	20749320
DRUG_1110:KU-55933	0	22	42948	20749320
DRUG_1111:BERZOSERTIB	0	0	42948	20749320
DRUG_1112:AZD-0156	0	0	42948	20749320
DRUG_1113:PACLITAXEL	238	10646	42948	20749320
DRUG_1114:BINIMETINIB	0	0	42948	20749320
DRUG_1115:VELIPARIB	0	4	42948	20749320
DRUG_1116:SELUMETINIB	0	3	42948	20749320
DRUG_1117:CHEMBL374632	0	0	42948	20749320
DRUG_1118:NIRAPARIB	0	0	42948	20749320
DRUG_1119:OLAPARIB	1	16	42948	20749320
DRUG_1120:CHEMBL299853	0	0	42948	20749320
DRUG_1121:ENPIROLINE	0	4	42948	20749320
DRUG_1122:ESTRADIOL BENZOATE	0	2115	42948	20749320
DRUG_1123:CHEMBL74852	0	0	42948	20749320
DRUG_1124:2X-121	0	0	42948	20749320
DRUG_1125:CERALASERTIB	0	0	42948	20749320
DRUG_1126:TALAZOPARIB	0	0	42948	20749320
DRUG_1127:IBRUTINIB	0	0	42948	20749320
DRUG_1128:FLUNARIZINE DIHYDROCHLORIDE	0	5	42948	20749320
DRUG_1129:EVEROLIMUS	5	856	42948	20749320
DRUG_1130:TRAMETINIB	0	0	42948	20749320
DRUG_1131:NAFTIFINE HYDROCHLORIDE	0	3	42948	20749320
DRUG_1132:MITOTANE	1	234	42948	20749320
DRUG_1133:CHEMBL578061	0	0	42948	20749320
DRUG_1134:VANDETANIB	3	95	42948	20749320
DRUG_1135:CHEMBL601933	0	0	42948	20749320
DRUG_1136:SCHISANHENOL	0	16	42948	20749320
DRUG_1137:HEPTACHLOR	2	604	42948	20749320
DRUG_1138:FLUDARABINE	6	2692	42948	20749320
DRUG_1139:CHEMBL606460	0	0	42948	20749320
DRUG_1140:CHEMBL1329443	0	0	42948	20749320
DRUG_1141:PERMETHRIN	3	1149	42948	20749320
DRUG_1142:PROTOPORPHYRIN DISODIUM	0	3	42948	20749320
DRUG_1143:CHEMBL375673	0	0	42948	20749320
DRUG_1144:TEMOZOLOMIDE	7	1612	42948	20749320
DRUG_1145:AZD-6482	0	0	42948	20749320
DRUG_1146:METFORMIN	7	4653	42948	20749320
DRUG_1147:BENDAMUSTINE	0	173	42948	20749320
DRUG_1148:CHEMBL1086377	0	0	42948	20749320
DRUG_1149:USTEKINUMAB	0	70	42948	20749320
DRUG_1150:BRIAKINUMAB	0	3	42948	20749320
DRUG_1151:MIRIKIZUMAB	0	0	42948	20749320
DRUG_1152:APILIMOD	0	2	42948	20749320
DRUG_1153:CHLORPROPAMIDE	0	1055	42948	20749320
DRUG_1154:GLIMEPIRIDE	0	449	42948	20749320
DRUG_1155:NATEGLINIDE	0	255	42948	20749320
DRUG_1156:TOLBUTAMIDE	0	2722	42948	20749320
DRUG_1157:GLIPIZIDE	0	521	42948	20749320
DRUG_1158:REPAGLINIDE	0	306	42948	20749320
DRUG_1159:TOLBUTAMIDE SODIUM, STERILE	0	0	42948	20749320
DRUG_1160:MITIGLINIDE	0	40	42948	20749320
DRUG_1161:GLYBURIDE	1	802	42948	20749320
DRUG_1162:GLIQUIDONE	0	71	42948	20749320
DRUG_1163:ACETOHEXAMIDE	0	149	42948	20749320
DRUG_1164:TOLAZAMIDE	0	101	42948	20749320
DRUG_1165:GLICLAZIDE	0	590	42948	20749320
DRUG_1166:NAMINIDIL	0	0	42948	20749320
DRUG_1167:SARAKALIM	0	0	42948	20749320
DRUG_1168:BERBERRUBINE	0	16	42948	20749320
DRUG_1169:OXCARBAZEPINE	0	888	42948	20749320
DRUG_1170:TETRACAINE HYDROCHLORIDE	0	48	42948	20749320
DRUG_1171:PROCAINAMIDE HYDROCHLORIDE	0	50	42948	20749320
DRUG_1172:LIDOCAINE	11	10077	42948	20749320
DRUG_1173:MEPHENYTOIN	1	499	42948	20749320
DRUG_1174:QUINIDINE POLYGALACTURONATE	0	14	42948	20749320
DRUG_1175:NKTR-171	0	0	42948	20749320
DRUG_1176:PROPARACAINE HYDROCHLORIDE	0	17	42948	20749320
DRUG_1177:ETHOTOIN	0	24	42948	20749320
DRUG_1178:DYCLONINE HYDROCHLORIDE	0	16	42948	20749320
DRUG_1179:QUINIDINE GLUCONATE	0	56	42948	20749320
DRUG_1180:LAMOTRIGINE	0	2395	42948	20749320
DRUG_1181:FOSPHENYTOIN SODIUM	0	5	42948	20749320
DRUG_1182:RILUZOLE	3	624	42948	20749320
DRUG_1183:MERETHOXYLLINE PROCAINE	0	2	42948	20749320
DRUG_1184:TOCAINIDE HYDROCHLORIDE	0	4	42948	20749320
DRUG_1185:IRAMPANEL	0	1	42948	20749320
DRUG_1186:PROPOXYCAINE HYDROCHLORIDE	0	2	42948	20749320
DRUG_1187:SAXITOXIN	0	639	42948	20749320
DRUG_1188:INDECAINIDE HYDROCHLORIDE	0	3	42948	20749320
DRUG_1189:EVENAMIDE	0	0	42948	20749320
DRUG_1190:DRONEDARONE HYDROCHLORIDE	0	2	42948	20749320
DRUG_1191:BENOXINATE HYDROCHLORIDE	0	5	42948	20749320
DRUG_1192:ESLICARBAZEPINE	0	47	42948	20749320
DRUG_1193:PHENACEMIDE	0	23	42948	20749320
DRUG_1194:ERLOSAMIDE	0	2	42948	20749320
DRUG_1195:CHLOROPROCAINE HYDROCHLORIDE	0	11	42948	20749320
DRUG_1196:PRILOCAINE	1	794	42948	20749320
DRUG_1197:ETIDOCAINE HYDROCHLORIDE	0	6	42948	20749320
DRUG_1198:PHENYTOIN SODIUM	0	146	42948	20749320
DRUG_1199:RUFINAMIDE	0	62	42948	20749320
DRUG_1200:HEXYLCAINE HYDROCHLORIDE	0	7	42948	20749320
DRUG_1201:LIDOCAINE HYDROCHLORIDE	0	277	42948	20749320
DRUG_1202:MEPIVACAINE HYDROCHLORIDE	0	34	42948	20749320
DRUG_1203:MEXILETINE HYDROCHLORIDE	0	31	42948	20749320
DRUG_1204:TETRACAINE	0	1077	42948	20749320
DRUG_1205:ROPIVACAINE HYDROCHLORIDE	0	19	42948	20749320
DRUG_1206:QUINIDINE SULFATE	0	139	42948	20749320
DRUG_1207:VERATRIDINE	1	1210	42948	20749320
DRUG_1208:PRILOCAINE HYDROCHLORIDE	0	19	42948	20749320
DRUG_1209:CARBAMAZEPINE	1	7143	42948	20749320
DRUG_1210:ZONISAMIDE	0	604	42948	20749320
DRUG_1211:ESLICARBAZEPINE ACETATE	0	38	42948	20749320
DRUG_1212:DISOPYRAMIDE PHOSPHATE	0	97	42948	20749320
DRUG_1213:MORICIZINE HYDROCHLORIDE	0	12	42948	20749320
DRUG_1214:ARTICAINE HYDROCHLORIDE	0	16	42948	20749320
DRUG_1215:PROCAINE HYDROCHLORIDE	0	215	42948	20749320
DRUG_1216:PHENYTOIN	4	6597	42948	20749320
DRUG_1217:SAFINAMIDE	0	25	42948	20749320
DRUG_1218:TETRODOTOXIN	17	8811	42948	20749320
DRUG_1219:FILGRASTIM	4	995	42948	20749320
DRUG_1220:PLERIXAFOR	0	63	42948	20749320
