target	target_with_keyphrase_count	target_count	keyphrase_count	db_article_count	fet_p_value	target_and_keyphrase_ratio	fet_p_value_and_ratio	phenotypes
DRUG_532:ETANERCEPT	3026	5974	145724	31847923	0.0|4.2453208520548274e-102	0.5065282892534315|0.01891529963173753	322.70978905287086|99.64890270636887	arthritis|synovial
DRUG_219:Tocilizumab	1482	3142	145724	31847923	0.0|1.0980779490936582e-52	0.4716740929344367|0.018459579885423297	322.67882737039116|50.22558864245377	arthritis|synovial
DRUG_527:ADALIMUMAB	2338	5987	145724	31847923	0.0|6.840889884397278e-47	0.39051277768498416|0.011190913646233506	322.5968205961319|44.21375294477283	arthritis|synovial
DRUG_402:Sulfasalazine	835	2546	145724	31847923	0.0|9.043914857045264e-25	0.3279654359780047|0.012568735271013355	322.5210134236178|22.14293511392796	arthritis|synovial
DRUG_406:Anakinra	454	1512	145724	31847923	0.0|1.65566556103122e-22	0.3002645502645503|0.016534391534391533	322.4826894091437|19.99941560224832	arthritis|synovial
DRUG_478:ANAKINRA	454	1512	145724	31847923	0.0|1.65566556103122e-22	0.3002645502645503|0.016534391534391533	322.4826894091437|19.99941560224832	arthritis|synovial
DRUG_530:INFLIXIMAB	2914	10680	145724	31847923	0.0|1.807663041325861e-91	0.2728464419475655|0.01198501872659176	322.44110364219324|88.82152123823369	arthritis|synovial
DRUG_446:SECUKINUMAB	247	956	145724	31847923	0.0|5.111785912897188e-08	0.2583682008368201|0.010460251046025104	322.41742440843535|5.3109694509136105	arthritis|synovial
DRUG_506:METHOTREXATE	8004	33448	145724	31847923	0.0|1.1625411733792943e-239	0.23929681894283664|0.010792872518536235	322.38412227287364|236.96772870424883	arthritis|synovial
DRUG_205:Ustekinumab	307	1547	145724	31847923	0.0|0.06459773128999513	0.19844861021331608|0.002585649644473174	322.3028334092296|-1.3976475879587817	arthritis|synovial
DRUG_635:USTEKINUMAB	307	1547	145724	31847923	0.0|0.06459773128999513	0.19844861021331608|0.002585649644473174	322.3028334092296|-1.3976475879587817	arthritis|synovial
DRUG_462:HYDROXYCHLOROQUINE	802	4549	145724	31847923	0.0|2.7927908157439755e-13	0.1763024840624313|0.005935370411079358	322.251443778906|10.327409419723377	arthritis|synovial
DRUG_479:NAPROXEN	517	4889	145724	31847923	0.0|6.508146112496882e-49	0.10574759664553078|0.013090611577009614	322.0294558532819|46.30350264212659	arthritis|synovial
DRUG_492:RITUXIMAB	1369	18293	145724	31847923	0.0|8.244717062484785e-14	0.07483736948559558|0.003115945990269502	321.87930386120803|10.577414164929733	arthritis|synovial
DRUG_481:ROFECOXIB	216	1820	145724	31847923	6.5198733560424235e-223|3.474311228652641e-07	0.11868131868131868|0.006593406593406593	221.26014320321707|4.278241138127568	arthritis|synovial
DRUG_231:MCP-1	405	13843	145724	31847923	2.4425586089564373e-182|1.1907754540058651e-172	0.029256664017915192|0.015386838113125767	180.07837981094838|170.1113195107842	arthritis|synovial
DRUG_398:Canakinumab	130	524	145724	31847923	1.4210471141772745e-179|0.09180486955516315	0.2480916030534351|0.003816793893129771	178.24200358831894|-1.3811670091751063	arthritis|synovial
DRUG_640:CANAKINUMAB	130	524	145724	31847923	1.4210471141772745e-179|0.09180486955516315	0.2480916030534351|0.003816793893129771	178.24200358831894|-1.3811670091751063	arthritis|synovial
DRUG_488:CYCLOSPORINE	511	24569	145724	31847923	5.989156683814834e-167	0.02079856730025642	164.54066774489883	arthritis
DRUG_498:ASPIRIN	620	36929	145724	31847923	4.734989495567812e-158|0.0009507023486872817	0.016788973435511386|0.0015164234070784478	155.54970512207265|0.20277591262631534	arthritis|synovial
DRUG_383:Sarilumab	76	124	145724	31847923	7.942648826065164e-144|3.263576684096522e-09	0.6129032258064516|0.04838709677419355	142.88742654591294|7.171035743474015	arthritis|synovial
DRUG_213:Ixekizumab	100	440	145724	31847923	2.7114728194484406e-134	0.22727272727272727	132.9233420682082	arthritis
DRUG_449:IXEKIZUMAB	100	440	145724	31847923	2.7114728194484406e-134	0.22727272727272727	132.9233420682082	arthritis
DRUG_622:DEXAMETHASONE	550	44814	145724	31847923	6.439285606422485e-89|1.9935315315205088e-78	0.012272950417280314|0.0048199223456955416	86.28011129156647|75.38341693207654	arthritis|synovial
DRUG_230:Rilonacept	41	115	145724	31847923	2.2613056410043055e-65|0.00567445720608199	0.3565217391304348|0.017391304347826087	64.1977267502478|0.4864078301813519	arthritis|synovial
DRUG_461:RILONACEPT	41	115	145724	31847923	2.2613056410043055e-65|0.00567445720608199	0.3565217391304348|0.017391304347826087	64.1977267502478|0.4864078301813519	arthritis|synovial
DRUG_40:Sirukumab	31	41	145724	31847923	3.1836446171827755e-64|0.038799455729478086	0.7560975609756098|0.024390243902439025	63.375653254622556|-0.2016094901659473	arthritis|synovial
DRUG_522:SIRUKUMAB	31	41	145724	31847923	3.1836446171827755e-64|0.038799455729478086	0.7560975609756098|0.024390243902439025	63.375653254622556|-0.2016094901659473	arthritis|synovial
DRUG_234:Brodalumab	49	235	145724	31847923	1.1309630742492162e-64	0.20851063829787234	63.26567979224034	arthritis
DRUG_451:BRODALUMAB	49	235	145724	31847923	1.1309630742492162e-64	0.20851063829787234	63.26567979224034	arthritis
DRUG_512:IFOSFAMIDE	77	4669	30724	31847923	9.058027929855719e-66	0.01649175412293853	63.260233195773125	synovial
DRUG_444:FOLIC ACID	234	15572	145724	31847923	1.0005162892975517e-52	0.01502697148728487	50.176647298632716	arthritis
DRUG_400:Glucosamine	82	8423	30724	31847923	1.8611379085693686e-52|4.741179388614761e-48	0.009735248723732636|0.018876884720408407	49.718568496556244|45.60004393590928	synovial|arthritis
DRUG_646:GLUCOSAMINE	82	8423	30724	31847923	1.8611379085693686e-52|4.741179388614761e-48	0.009735248723732636|0.018876884720408407	49.718568496556244|45.60004393590928	synovial|arthritis
DRUG_480:TACROLIMUS	207	13596	145724	31847923	1.0815599653677714e-47	0.015225066195939982	45.148508586338174	arthritis
DRUG_592:MISOPROSTOL	108	3954	145724	31847923	2.8217364843569996e-47|0.09213869833492591	0.027314112291350532|0.0017703591299949419	44.98587063698512|-1.716380697543048	arthritis|synovial
DRUG_47:Celastrol	45	629	145724	31847923	5.517760763838964e-38|2.6990647748088812e-12	0.07154213036565978|0.019077901430842606	36.1127990016898|9.849317293295005	arthritis|synovial
DRUG_648:CELASTROL	45	629	145724	31847923	5.517760763838964e-38|2.6990647748088812e-12	0.07154213036565978|0.019077901430842606	36.1127990016898|9.849317293295005	arthritis|synovial
DRUG_628:HYDROCORTISONE	157	11680	145724	31847923	9.172513397775278e-31|3.939110366688692e-20	0.013441780821917809|0.004623287671232877	28.16596845485484|17.06955276792762	arthritis|synovial
DRUG_364:ABT-122	12	12	145724	31847923	8.41790127984504e-29	1.0	28.074796171706307	arthritis
DRUG_8:Bimekizumab	14	25	145724	31847923	7.493243787803297e-27|0.023840605827795344	0.56|0.04	25.87351816469031|0.22474270400450025	arthritis|synovial
DRUG_447:BIMEKIZUMAB	14	25	145724	31847923	7.493243787803297e-27|0.023840605827795344	0.56|0.04	25.87351816469031|0.22474270400450025	arthritis|synovial
DRUG_44:Benoxaprofen	27	302	145724	31847923	5.087471652765557e-26	0.08940397350993377	24.24485481883722	arthritis
DRUG_216:Clazakizumab	12	17	145724	31847923	5.099932070116726e-25	0.7058823529411765	24.141167933232186	arthritis
DRUG_510:CLAZAKIZUMAB	12	17	145724	31847923	5.099932070116726e-25	0.7058823529411765	24.141167933232186	arthritis
DRUG_175:TACE inhibitors	14	63	145724	31847923	5.342318744743985e-20	0.2222222222222222	18.619057689968404	arthritis
DRUG_86:Olokizumab	9	13	145724	31847923	6.181320830814953e-19	0.6923076923076923	18.049217871648327	arthritis
DRUG_514:OLOKIZUMAB	9	13	145724	31847923	6.181320830814953e-19	0.6923076923076923	18.049217871648327	arthritis
DRUG_46:IL-18BP	16	190	145724	31847923	1.2547330467594152e-15|1.4090292783438756e-06	0.08421052631578947|0.02631578947368421	13.82681504524984|4.271296385936661	arthritis|synovial
DRUG_497:THALIDOMIDE	83	6679	145724	31847923	3.1728916943975933e-15	0.012427010031441832	12.592911401055574	arthritis
DRUG_626:ACITRETIN	28	1060	145724	31847923	3.8157416361949524e-13	0.026415094339622643	10.840273205122305	arthritis
DRUG_403:Bindarit	9	52	145724	31847923	2.708272889038479e-12	0.17307692307692307	10.805546743519425	arthritis
DRUG_431:BINDARIT	9	52	145724	31847923	2.708272889038479e-12	0.17307692307692307	10.805546743519425	arthritis
DRUG_149:DPC-333	4	7	145724	31847923	1.5173055098336916e-08	0.5714285714285714	7.5758889164225955	arthritis
DRUG_238:Diacerein	11	203	145724	31847923	3.774940518692207e-09|1.9480452357175717e-06	0.054187192118226604|0.024630541871921183	7.156986534354577|4.101874928975472	arthritis|synovial
DRUG_632:DIACEREIN	11	203	145724	31847923	3.774940518692207e-09|1.9480452357175717e-06	0.054187192118226604|0.024630541871921183	7.156986534354577|4.101874928975472	arthritis|synovial
DRUG_82:ALX-0061	3	3	145724	31847923	9.579459545669109e-08	1.0	7.018658992273712	arthritis
DRUG_544:BAY-11-7085	6	137	30724	31847923	5.942342207840812e-09|0.0037990094020175585	0.043795620437956206|0.029197080291970802	6.867473024871422|0.8856690557973323	synovial|arthritis
DRUG_423:MARIMASTAT	10	192	145724	31847923	2.790831142622876e-08|0.015114979777666366	0.052083333333333336|0.010416666666666666	6.270965210710928|-0.16167880351114272	arthritis|synovial
DRUG_500:RESVERATROL	98	11337	145724	31847923	6.8436065512146215e-09|1.1179406491499289e-05	0.008644262150480727|0.002469789185851636	6.101442895683565|2.3442411369967124	arthritis|synovial
DRUG_312:Mirikizumab	4	13	145724	31847923	3.0322392726036574e-07	0.3076923076923077	6.006353170731493	arthritis
DRUG_496:IMATINIB MESYLATE	18	3273	30724	31847923	7.470151667968437e-09	0.005499541704857928	5.8669970803235305	synovial
DRUG_119:STA-5326	3	7	145724	31847923	3.307040266897843e-06	0.42857142857142855	5.112583731740578	arthritis
DRUG_597:TPCK	6	260	30724	31847923	2.6448900611137456e-07|0.03252408452100607	0.023076923076923078|0.015384615384615385	4.940770277778463|-0.32511843764678217	synovial|arthritis
DRUG_56:COVA322	2	2	145724	31847923	2.093615726185476e-05	1.0	4.6791030281548	arthritis
DRUG_60:Apratastat	2	2	145724	31847923	2.093615726185476e-05	1.0	4.6791030281548	arthritis
DRUG_424:APRATASTAT	2	2	145724	31847923	2.093615726185476e-05	1.0	4.6791030281548	arthritis
DRUG_80:ABT-981	2	5	30724	31847923	9.288403597158454e-06	0.4	4.634118913343067	synovial
DRUG_110:Siltuximab	7	123	145724	31847923	1.8757422936882224e-06	0.056910569105691054	4.482019757707251	arthritis
DRUG_515:SILTUXIMAB	7	123	145724	31847923	1.8757422936882224e-06	0.056910569105691054	4.482019757707251	arthritis
DRUG_621:MERCAPTOPURINE	40	3579	145724	31847923	5.340908564418848e-07	0.011176306230790724	4.320683149963814	arthritis
DRUG_142:DVD-Ig	2	19	30724	31847923	0.00015740872709403726|0.08344785016748059	0.10526315789473684|0.05263157894736842	2.8252475877572625|-0.2001687535627399	synovial|arthritis
DRUG_65:SB 203580	14	823	145724	31847923	3.8258300761110636e-05	0.01701093560145808	2.648002523495582	arthritis
DRUG_577:APIGENIN	27	2403	145724	31847923	3.078015098970591e-05	0.011235955056179775	2.5623392474556224	arthritis
DRUG_166:MLN1202	1	2	30724	31847923	0.0019284887501904587|0.009130304254723	0.5|0.5	2.413752894576767|1.738484754299459	synovial|arthritis
DRUG_183:MK-0812	1	2	30724	31847923	0.0019284887501904587	0.5	2.413752894576767	synovial
DRUG_435:MK-0812	1	2	30724	31847923	0.0019284887501904587	0.5	2.413752894576767	synovial
DRUG_26:GSK-1070806	1	1	145724	31847923	0.004575620205986815	1.0	2.3395500308254835	arthritis
DRUG_68:SAR153191	1	1	145724	31847923	0.004575620205986815	1.0	2.3395500308254835	arthritis
DRUG_273:Ilodecakin	1	1	145724	31847923	0.004575620205986815	1.0	2.3395500308254835	arthritis
DRUG_340:ABBV-257	1	1	145724	31847923	0.004575620205986815	1.0	2.3395500308254835	arthritis
DRUG_459:ABBV-257	1	1	145724	31847923	0.004575620205986815	1.0	2.3395500308254835	arthritis
DRUG_482:ILODECAKIN	1	1	145724	31847923	0.004575620205986815	1.0	2.3395500308254835	arthritis
DRUG_440:SIMVASTATIN	65	8286	145724	31847923	3.79945520167032e-05	0.007844557084238474	2.3148470994507684	arthritis
DRUG_636:GEVOKIZUMAB	3	34	145724	31847923	0.0005154816726781981	0.08823529411764706	2.2334291085937	arthritis
DRUG_64:Oprelvekin	2	13	145724	31847923	0.0015791556883243576	0.15384615384615385	1.9886616943197124	arthritis
DRUG_651:OMEPRAZOLE	50	6074	145724	31847923	9.037884770827503e-05	0.008231807704972012	1.9594284167925329	arthritis
DRUG_309:ABT-874	2	15	145724	31847923	0.002112894451045625	0.13333333333333333	1.800060934053564	arthritis
DRUG_334:AMG 108	1	2	145724	31847923	0.009130304254723	0.5	1.738484754299459	arthritis
DRUG_464:AMG-108	1	2	145724	31847923	0.009130304254723	0.5	1.738484754299459	arthritis
DRUG_485:MESALAMINE	12	779	145724	31847923	0.0003252815331626204	0.01540436456996149	1.6753843800985075	arthritis
DRUG_620:TROGLITAZONE	9	1940	30724	31847923	0.00014451559069191095|0.03724993173550914	0.004639175257731959|0.007731958762886598	1.506526077148577|-0.6828359520684173	synovial|arthritis
DRUG_61:PF-04236921	1	3	145724	31847923	0.013664147940803721	0.3333333333333333	1.3872961898330298	arthritis
DRUG_324:MEDI5117	1	3	145724	31847923	0.013664147940803721	0.3333333333333333	1.3872961898330298	arthritis
DRUG_524:PF-04236921	1	3	145724	31847923	0.013664147940803721	0.3333333333333333	1.3872961898330298	arthritis
DRUG_152:Quercetin	82	11965	145724	31847923	0.0003378993016427766	0.006853322189720017	1.3071138552414951	arthritis
DRUG_460:GENTAMICIN	31	15420	30724	31847923	0.00016937088483030816	0.0020103761348897534	1.0744385637367246	synovial
DRUG_146:Gallium nitrate	5	231	145724	31847923	0.004488657774946701	0.021645021645021644	0.6832415293380281	arthritis
DRUG_137:Esonarimod	1	7	145724	31847923	0.031593019651658526	0.14285714285714285	0.6553108223560582	arthritis
DRUG_345:XOMA 052	1	9	145724	31847923	0.04043487196364287	0.1111111111111111	0.43900141829819794	arthritis
DRUG_417:RS-504393	1	10	145724	31847923	0.04482547879324937	0.1	0.34847506292237407	arthritis
DRUG_448:VIDOFLUDIMUS	1	10	145724	31847923	0.04482547879324937	0.1	0.34847506292237407	arthritis
DRUG_579:PD-169316	1	24	30724	31847923	0.022897985333480152	0.041666666666666664	0.25999148542635253	synovial
DRUG_504:WORTMANNIN	15	6243	30724	31847923	0.0014410570688161086	0.002402691013935608	0.22201674401744187	synovial
DRUG_114:Aminoguanidine	23	2916	145724	31847923	0.009948641384642045	0.007887517146776405	-0.10082345990774932	arthritis
DRUG_643:THYROGLOBULIN	57	8856	145724	31847923	0.008230747075799993	0.006436314363143632	-0.10680200857355837	arthritis
DRUG_627:RISEDRONIC ACID	1	21	145724	31847923	0.09181625514197818	0.047619047619047616	-0.28513887020006945	arthritis
DRUG_253:KENPAULLONE	1	53	30724	31847923	0.04986797327887241	0.018867924528301886	-0.422097587695067	synovial
DRUG_227:E-64	3	576	30724	31847923	0.018899979350684055	0.005208333333333333	-0.5597625583853194	synovial
DRUG_43:AMENTOFLAVONE	3	213	145724	31847923	0.07526766276212869	0.014084507042253521	-0.7278667790981059	arthritis
DRUG_425:ILOMASTAT	1	92	30724	31847923	0.0849680074096397	0.010869565217391304	-0.8930432610494268	synovial
DRUG_206:Bisindolylmaleimide-I	2	547	30724	31847923	0.09864414343115413	0.003656307129798903	-1.43102863666886	synovial
DRUG_516:LEVOFLOXACIN	9	5526	30724	31847923	0.09173431800769372	0.0016286644951140066	-1.7507002077184026	synovial
