target	targ_and_kp	targ_tot	kp_tot	db_tot	fet_p_value	targ_and_kp_ratio	prediction_score
DRUG_2:PROGESTERONE	33	43344	7275	20749320	4.994611499805138e-05	0.0007613510520487265	1.1830832394171154
DRUG_5:TAMOXIFEN	11	11700	7275	20749320	0.0034070016628682054	0.0009401709401709402	-0.5591655221236187
DRUG_6:ETOPOSIDE	1	10588	7275	20749320	0.9756176161187433	9.444654325651681e-05	-4.014093566126366
DRUG_7:ANDROSTENEDIONE	42	4880	7275	20749320	6.385335479397364e-43	0.00860655737704918	40.1296457487811
DRUG_8:OCTREOTIDE	1	4065	7275	20749320	0.7596441846313227	0.0002460024600246002	-3.489670767426728
DRUG_9:DOCETAXEL	3	4863	7275	20749320	0.24408376571302998	0.0006169031462060457	-2.5973219098096996
DRUG_10:SELENOMETHIONINE	1	1191	7275	20749320	0.34141804003828524	0.0008396305625524769	-2.6091982263636893
DRUG_12:FLUTAMIDE	20	1704	7275	20749320	6.862111613682874e-24	0.011737089201877934	21.23310262756497
DRUG_14:GENISTEIN	8	5981	7275	20749320	0.001466245578028815	0.001337568968399933	-0.03989053078035232
DRUG_15:BICALUTAMIDE	1	548	7275	20749320	0.17483559198053358	0.0018248175182481751	-1.9814104068472644
DRUG_17:ESTRAMUSTINE	1	743	7275	20749320	0.2293773397467475	0.0013458950201884253	-2.2315393253683755
DRUG_21:CARBACHOL	11	7977	7275	20749320	0.00016087371312348517	0.0013789645230036355	0.9330680072309447
DRUG_33:NICOTINE	1	17544	7275	20749320	0.9978767641201436	5.699954400364797e-05	-4.24320552872707
DRUG_39:BROMOCRIPTINE	1	4252	7275	20749320	0.7749030439151221	0.00023518344308560678	-3.5178406227100982
DRUG_42:ETHER	8	19354	7275	20749320	0.369381877212092	0.0004133512452206262	-2.951156333788278
DRUG_49:ADRIAMYCIN	1	9687	7275	20749320	0.9665526779205582	0.00010323113451016826	-3.9714148281549684
DRUG_51:SURAMIN	1	2396	7275	20749320	0.568404550062482	0.00041736227045075126	-3.134144359501768
DRUG_68:METHIONINE	4	23583	7275	20749320	0.964787159645184	0.00016961370478734683	-3.7549705744755646
DRUG_74:FESOTERODINE	1	46	7275	20749320	0.016001673820504752	0.021739130434782608	0.13307675485074744
DRUG_77:ATROPINE SULFATE	1	619	7275	20749320	0.19512740085756958	0.0016155088852988692	-2.082008908705094
DRUG_88:ATROPINE	6	15328	7275	20749320	0.44944186438691436	0.00039144050104384135	-3.0600077647641974
DRUG_91:FLAVOXATE	2	94	7275	20749320	0.0005258404474337836	0.02127659574468085	1.6070481532538214
DRUG_92:SCOPOLAMINE	2	3871	7275	20749320	0.3933455341128248	0.0005166623611469904	-2.881567399383037
DRUG_96:STAUROSPORINE	1	5686	7275	20749320	0.8638792658049375	0.00017587055926837847	-3.6912599058673723
DRUG_98:PROMETHAZINE	1	1132	7275	20749320	0.32764939496248724	0.0008833922261484099	-2.569255797176775
DRUG_103:DESIPRAMINE	1	3385	7275	20749320	0.694905211261674	0.0002954209748892171	-3.371484241591825
DRUG_104:TOLTERODINE	17	438	7275	20749320	2.576255465739968e-29	0.03881278538812785	27.17798588469411
DRUG_108:ACETYLCHOLINE	11	45416	7275	20749320	0.9202209988826031	0.00024220539017086488	-3.5797083354364925
DRUG_113:BETHANECHOL	8	886	7275	20749320	1.5798815038975536e-09	0.009029345372460496	6.757031750386727
DRUG_126:TIOTROPIUM	1	460	7275	20749320	0.14897386216506814	0.002173913043478261	-1.8358679087297707
DRUG_131:TROSPIUM	1	112	7275	20749320	0.03851445128739593	0.008928571428571428	-0.6348417375493807
DRUG_136:OXYBUTYNIN	7	644	7275	20749320	4.7145480628938575e-09	0.010869565217391304	6.3627721051035735
DRUG_178:METHYLPHENIDATE	1	3342	7275	20749320	0.6902690580962696	0.0002992220227408737	-3.3630248517586177
DRUG_179:APIGENIN	1	811	7275	20749320	0.2475368657928657	0.0012330456226880395	-2.3026607419983964
DRUG_214:KAEMPFEROL	3	982	7275	20749320	0.005252491481833726	0.003054989816700611	-0.2353555898338815
DRUG_216:GOSSYPOL	3	1225	7275	20749320	0.009583199253613318	0.0024489795918367346	-0.5925253520618439
DRUG_230:CAFFEIC ACID PHENETHYL ESTER	1	369	7275	20749320	0.12137786863183418	0.0027100271002710027	-1.6511658732667107
DRUG_233:DANTROLENE	1	1376	7275	20749320	0.38278958351106923	0.0007267441860465116	-2.721578545122339
DRUG_261:BILIRUBIN	2	15227	7275	20749320	0.9696236706017469	0.00013134563604124254	-3.868187561087486
DRUG_262:QUERCETIN	1	4467	7275	20749320	0.7912536024464052	0.00022386389075442132	-3.54833165277249
DRUG_264:BAICALEIN	2	533	7275	20749320	0.015407516589751842	0.00375234521575985	-0.6134298573839185
DRUG_306:HAEMATOXYLIN	7	1332	7275	20749320	6.294672192115368e-07	0.005255255255255256	3.9216206969175604
DRUG_318:NIFEDIPINE	9	11788	7275	20749320	0.02553301927355385	0.0007634882931795045	-1.524299790800275
DRUG_320:ARACHIDONIC ACID	7	21926	7275	20749320	0.6471539270475328	0.0003192556781902764	-3.3068689606535
DRUG_325:CATECHIN	1	1973	7275	20749320	0.49938368521954984	0.0005068423720223011	-2.9935614351720825
DRUG_338:LINOLENIC ACID	2	3400	7275	20749320	0.3345287821421115	0.000588235294117647	-2.754882410859538
DRUG_362:CISPLATIN	2	25031	7275	20749320	0.998499014672004	7.990092285565899e-05	-4.096795845196924
DRUG_468:EPINEPHRINE	8	17045	7275	20749320	0.2526696103357239	0.00046934584922264595	-2.7310600291625917
DRUG_489:HEMATOXYLIN	12	6453	7275	20749320	4.659918963849193e-06	0.0018596001859600185	2.601041216580786
DRUG_498:LUTEOLIN	2	739	7275	20749320	0.02826691675247288	0.0027063599458728013	-1.018892882617136
DRUG_520:MYRICETIN	1	395	7275	20749320	0.12935248884553674	0.002531645569620253	-1.7083718849332492
DRUG_531:NORDIHYDROGUAIARETIC ACID	1	1392	7275	20749320	0.38624318445760086	0.0007183908045977011	-2.730500064332495
DRUG_534:NOREPINEPHRINE	26	30713	7275	20749320	5.7573051330911194e-05	0.0008465470647608504	1.1674318608541898
DRUG_549:FISETIN	1	167	7275	20749320	0.056881195594480766	0.005988023952095809	-0.9776851874668417
DRUG_580:PROTOPORPHYRIN	1	4143	7275	20749320	0.7661306830963404	0.0002413709872073377	-3.5016177892322586
DRUG_594:RALOXIFENE	1	1777	7275	20749320	0.46376176080289	0.0005627462014631402	-2.915982364093166
DRUG_613:PROPRANOLOL	1	17761	7275	20749320	0.998032423120449	5.6303136084679915e-05	-4.248612064731571
DRUG_616:ISOPROTERENOL	2	12580	7275	20749320	0.9343665009317312	0.0001589825119236884	-3.7691679050923477
DRUG_626:ATENOLOL	2	3934	7275	20749320	0.40104078423874806	0.0005083884087442806	-2.8969929007918083
DRUG_627:TIMOLOL	1	2481	7275	20749320	0.5810809109721149	0.00040306328093510683	-3.158863372982975
DRUG_636:SOTALOL	1	1682	7275	20749320	0.4455949972313119	0.0005945303210463733	-2.8747662977590025
DRUG_645:CARVEDILOL	2	1706	7275	20749320	0.12126305751155354	0.0011723329425556857	-2.0146775454512276
DRUG_656:BISOPROLOL	1	658	7275	20749320	0.20606051640749096	0.001519756838905775	-2.132220677488858
DRUG_668:AMIODARONE	1	5600	7275	20749320	0.8597104256027259	0.00017857142857142857	-3.682540220412224
DRUG_683:DOPAMINE	4	67120	7275	20749320	0.9999997500456655	5.959475566150179e-05	-4.22479184793888
DRUG_703:CYCLOPHOSPHAMIDE	2	25390	7275	20749320	0.9986597760487474	7.877116975187081e-05	-4.103050262954427
DRUG_705:FLUOROURACIL	3	19655	7275	20749320	0.9679156936655166	0.00015263291783261258	-3.802189324949017
DRUG_716:CEFMETAZOLE	1	406	7275	20749320	0.13270454333408574	0.0024630541871921183	-1.7314118254027884
DRUG_718:CEPHRADINE	1	333	7275	20749320	0.11021535859509084	0.003003003003003003	-1.56468635150966
DRUG_720:FUROSEMIDE	3	6303	7275	20749320	0.37996321602324346	0.00047596382674916705	-2.9021676073086287
DRUG_723:LATANOPROST	1	1009	7275	20749320	0.2980127471732573	0.0009910802775024777	-2.4781260071876794
DRUG_725:LOSARTAN	4	4950	7275	20749320	0.09852006911370603	0.0008080808080808081	-2.0860699154386344
DRUG_749:CAPTOPRIL	3	8139	7275	20749320	0.5433096717705058	0.00036859565057132326	-3.1684972299920293
DRUG_757:CYCLOSPORINE	1	18004	7275	20749320	0.9981932798637491	5.554321261941791e-05	-4.254583646005806
DRUG_762:DEXAMETHASONE	2	29326	7275	20749320	0.9996164806231175	6.819886789879289e-05	-4.166056242275271
DRUG_764:INDOMETHACIN	2	22619	7275	20749320	0.9968027710231785	8.842123878155533e-05	-4.052052641538694
DRUG_784:MEMANTINE	1	1213	7275	20749320	0.34647964379240415	0.0008244023083264633	-2.623538525100617
DRUG_793:KETAMINE	2	8079	7275	20749320	0.7745292160787628	0.00024755539051862855	-3.4953654169284287
DRUG_812:SODIUM CHLORIDE	3	6483	7275	20749320	0.3968208936891505	0.00046274872744099955	-2.933249297741932
DRUG_818:CITALOPRAM	1	2467	7275	20749320	0.5790189625640966	0.00040535062829347385	-3.154861936364145
DRUG_819:ASPIRIN	6	22526	7275	20749320	0.7994318714322739	0.0002663588741898251	-3.477314287942739
DRUG_820:FINASTERIDE	447	1294	7275	20749320	0.0	0.3454404945904173	322.54355859425107
DRUG_821:DUTASTERIDE	101	230	7275	20749320	8.40436727318035e-283	0.4391304347826087	281.7180885148271
DRUG_823:DIAZOXIDE	1	1771	7275	20749320	0.4626322201493688	0.000564652738565782	-2.9134544372377134
DRUG_860:IBUPROFEN	2	5802	7275	20749320	0.6032750498531434	0.0003447087211306446	-3.2430630930132005
DRUG_863:THROMBIN	5	24343	7275	20749320	0.9273204022841212	0.00020539785564638706	-3.654633909694665
DRUG_865:MEDROXYPROGESTERONE ACETATE	2	3341	7275	20749320	0.3270283101170561	0.000598623166716552	-2.737431830173983
DRUG_877:ACETAMINOPHEN	1	6142	7275	20749320	0.884000235173022	0.00016281341582546403	-3.734762192656698
DRUG_879:PROPOFOL	1	9628	7275	20749320	0.9658530601455735	0.0001038637307852098	-3.968447141743168
DRUG_886:THIOPENTAL	1	2650	7275	20749320	0.6051893444341373	0.0003773584905660377	-3.205137146734429
DRUG_893:OXAZEPAM	1	780	7275	20749320	0.2393119140593169	0.001282051282051282	-2.27105892303989
DRUG_912:LORAZEPAM	2	1890	7275	20749320	0.14290940452202605	0.0010582010582010583	-2.1304926181093857
DRUG_922:ISOFLURANE	2	6651	7275	20749320	0.6765443284267756	0.00030070666065253347	-3.3521532098080633
DRUG_930:DIAZEPAM	2	11055	7275	20749320	0.8990079299254019	0.00018091361374943465	-3.6962922738045085
DRUG_943:PENTOBARBITAL	1	8051	7275	20749320	0.9406221540718189	0.00012420817289777666	-3.8792650299252665
DRUG_953:PICROTOXIN	1	2886	7275	20749320	0.6365521197389371	0.0003465003465003465	-3.2641302954515075
DRUG_967:SODIUM NITROPRUSSIDE	6	8691	7275	20749320	0.08867158567521027	0.0006903693476009665	-2.1087029743723598
DRUG_968:NITRIC OXIDE	51	80983	7275	20749320	8.096959016272887e-05	0.0006297618018596496	0.8908543739619139
DRUG_969:ISOSORBIDE DINITRATE	1	1757	7275	20749320	0.4599872915694581	0.0005691519635742744	-2.9075175947475236
DRUG_986:HYDROMORPHONE	1	529	7275	20749320	0.16931914912008916	0.001890359168241966	-1.95216174938158
DRUG_992:TRAMADOL	1	1707	7275	20749320	0.4504345707979869	0.0005858230814294083	-2.8858652362853507
DRUG_995:MORPHINE	1	27664	7275	20749320	0.9999390836072429	3.6148062463851935e-05	-4.441888519470791
DRUG_1008:OXYCODONE	1	753	7275	20749320	0.23207510380197127	0.0013280212483399733	-2.2424235295762425
DRUG_1035:ALCOHOL	41	95402	7275	20749320	0.11303779960292934	0.00042976038238192073	-2.4199973175289036
DRUG_1065:TADALAFIL	33	618	7275	20749320	4.4456628474024754e-60	0.05339805825242718	58.07958894143843
DRUG_1067:ZAPRINAST	1	567	7275	20749320	0.1803153903625581	0.001763668430335097	-2.0096158553007193
DRUG_1068:HEPARIN	13	43592	7275	20749320	0.7555607924419151	0.0002982198568544687	-3.4037328560159357
DRUG_1069:GENTAMICIN	2	10311	7275	20749320	0.8759036220632719	0.0001939676074095626	-3.6547271134468344
DRUG_1077:ADENOSINE DIPHOSPHATE	3	4087	7275	20749320	0.17448426934841882	0.0007340347443112308	-2.3760396621775186
DRUG_1078:ADENOSINE	25	62825	7275	20749320	0.2900638314854729	0.0003979307600477517	-2.8626860679104027
DRUG_1079:SPERMINE	2	4405	7275	20749320	0.45699186415482085	0.0004540295119182747	-3.002824385460021
DRUG_1080:ADENOSINE TRIPHOSPHATE	7	9049	7275	20749320	0.04291365447334873	0.0007735661399049619	-1.7440980482834263
DRUG_1081:TESTOSTERONE	403	39547	7275	20749320	0.0	0.01019040635193567	321.0133768497001
DRUG_1082:VASOACTIVE INTESTINAL PEPTIDE	2	5370	7275	20749320	0.5614192551176058	0.00037243947858472997	-3.1782315936811973
DRUG_1089:WARFARIN	5	8736	7275	20749320	0.1953631708312104	0.0005723443223443224	-2.5331853164753806
DRUG_1090:ESTRADIOL	139	42753	7275	20749320	2.8487035403170688e-83	0.0032512338315439852	80.05740095014295
DRUG_1092:INSULIN	106	177924	7275	20749320	2.73886143646742e-07	0.0005957599874103549	3.337501270524583
DRUG_1093:LITHIUM	2	18402	7275	20749320	0.9882795802888654	0.00010868383871318335	-3.958714852820591
DRUG_1095:PALIPERIDONE	1	132	7275	20749320	0.04523428617254879	0.007575757575757576	-0.7760416724536991
DRUG_1109:SPERMIDINE	2	3799	7275	20749320	0.3844961831900593	0.0005264543300868649	-2.8635313309027715
DRUG_1113:PACLITAXEL	1	10646	7275	20749320	0.9761088122436069	9.393199323689649e-05	-4.016684695408028
DRUG_1122:ESTRADIOL BENZOATE	2	2115	7275	20749320	0.1703479323389817	0.0009456264775413711	-2.2556172425731047
DRUG_1157:GLIPIZIDE	1	521	7275	20749320	0.16698541679150508	0.0019193857965451055	-1.9395162681984552
DRUG_1172:LIDOCAINE	9	10077	7275	20749320	0.010411681410373493	0.0008931229532598987	-1.0666096196777515
DRUG_1204:TETRACAINE	1	1077	7275	20749320	0.31455507821887885	0.0009285051067780873	-2.5299124041832872
DRUG_1218:TETRODOTOXIN	1	8811	7275	20749320	0.9545187064415663	0.00011349449551696743	-3.9248096452605092
